0,0
0.012658,0
0.025316,0
0.037975,0
0.050633,0
0.063291,0
0.075949,0
0.088608,0
0.10127,0
0.11392,0
0.12658,0
0.13924,0
0.1519,0
0.16456,0
0.17722,0
0.18987,0
0.20253,0
0.21519,0
0.22785,0
0.24051,0
0.25316,0
0.26582,0
0.27848,0
0.29114,0
0.3038,0
0.31646,0
0.32911,0
0.34177,0
0.35443,0
0.36709,0
0.37975,0
0.39241,0
0.40506,0
0.41772,0
0.43038,0
0.44304,0
0.4557,0
0.46835,0
0.48101,0
0.49367,0
0.50633,0
0.51899,0
0.53165,0
0.5443,0
0.55696,0
0.56962,0
0.58228,0
0.59494,0
0.60759,0
0.62025,0
0.63291,0
0.64557,0
0.65823,0
0.67089,0
0.68354,0
0.6962,0
0.70886,0
0.72152,0
0.73418,0
0.74684,0
0.75949,0
0.77215,0
0.78481,0
0.79747,0
0.81013,0
0.82278,0
0.83544,0
0.8481,0
0.86076,0
0.87342,0
0.88608,0
0.89873,0
0.91139,0
0.92405,0
0.93671,0
0.94937,0
0.96203,0
0.97468,0
0.98734,0
1,0
1,0.012658
1,0.025316
1,0.037975
1,0.050633
1,0.063291
1,0.075949
1,0.088608
1,0.10127
1,0.11392
1,0.12658
1,0.13924
1,0.1519
1,0.16456
1,0.17722
1,0.18987
1,0.20253
1,0.21519
1,0.22785
1,0.24051
1,0.25316
1,0.26582
1,0.27848
1,0.29114
1,0.3038
1,0.31646
1,0.32911
1,0.34177
1,0.35443
1,0.36709
1,0.37975
1,0.39241
1,0.40506
1,0.41772
1,0.43038
1,0.44304
1,0.4557
1,0.46835
1,0.48101
1,0.49367
1,0.50633
1,0.51899
1,0.53165
1,0.5443
1,0.55696
1,0.56962
1,0.58228
1,0.59494
1,0.60759
1,0.62025
1,0.63291
1,0.64557
1,0.65823
1,0.67089
1,0.68354
1,0.6962
1,0.70886
1,0.72152
1,0.73418
1,0.74684
1,0.75949
1,0.77215
1,0.78481
1,0.79747
1,0.81013
1,0.82278
1,0.83544
1,0.8481
1,0.86076
1,0.87342
1,0.88608
1,0.89873
1,0.91139
1,0.92405
1,0.93671
1,0.94937
1,0.96203
1,0.97468
1,0.98734
1,1
0.98734,1
0.97468,1
0.96203,1
0.94937,1
0.93671,1
0.92405,1
0.91139,1
0.89873,1
0.88608,1
0.87342,1
0.86076,1
0.8481,1
0.83544,1
0.82278,1
0.81013,1
0.79747,1
0.78481,1
0.77215,1
0.75949,1
0.74684,1
0.73418,1
0.72152,1
0.70886,1
0.6962,1
0.68354,1
0.67089,1
0.65823,1
0.64557,1
0.63291,1
0.62025,1
0.60759,1
0.59494,1
0.58228,1
0.56962,1
0.55696,1
0.5443,1
0.53165,1
0.51899,1
0.50633,1
0.49367,1
0.48101,1
0.46835,1
0.4557,1
0.44304,1
0.43038,1
0.41772,1
0.40506,1
0.39241,1
0.37975,1
0.36709,1
0.35443,1
0.34177,1
0.32911,1
0.31646,1
0.3038,1
0.29114,1
0.27848,1
0.26582,1
0.25316,1
0.24051,1
0.22785,1
0.21519,1
0.20253,1
0.18987,1
0.17722,1
0.16456,1
0.1519,1
0.13924,1
0.12658,1
0.11392,1
0.10127,1
0.088608,1
0.075949,1
0.063291,1
0.050633,1
0.037975,1
0.025316,1
0.012658,1
0,1
0,0.98734
0,0.97468
0,0.96203
0,0.94937
0,0.93671
0,0.92405
0,0.91139
0,0.89873
0,0.88608
0,0.87342
0,0.86076
0,0.8481
0,0.83544
0,0.82278
0,0.81013
0,0.79747
0,0.78481
0,0.77215
0,0.75949
0,0.74684
0,0.73418
0,0.72152
0,0.70886
0,0.6962
0,0.68354
0,0.67089
0,0.65823
0,0.64557
0,0.63291
0,0.62025
0,0.60759
0,0.59494
0,0.58228
0,0.56962
0,0.55696
0,0.5443
0,0.53165
0,0.51899
0,0.50633
0,0.49367
0,0.48101
0,0.46835
0,0.4557
0,0.44304
0,0.43038
0,0.41772
0,0.40506
0,0.39241
0,0.37975
0,0.36709
0,0.35443
0,0.34177
0,0.32911
0,0.31646
0,0.3038
0,0.29114
0,0.27848
0,0.26582
0,0.25316
0,0.24051
0,0.22785
0,0.21519
0,0.20253
0,0.18987
0,0.17722
0,0.16456
0,0.1519
0,0.13924
0,0.12658
0,0.11392
0,0.10127
0,0.088608
0,0.075949
0,0.063291
0,0.050633
0,0.037975
0,0.025316
0,0.012658
0.012658,0.012658
0.012658,0.025316
0.012658,0.037975
0.012658,0.050633
0.012658,0.063291
0.012658,0.075949
0.012658,0.088608
0.012658,0.10127
0.012658,0.11392
0.012658,0.12658
0.012658,0.13924
0.012658,0.1519
0.012658,0.16456
0.012658,0.17722
0.012658,0.18987
0.012658,0.20253
0.012658,0.21519
0.012658,0.22785
0.012658,0.24051
0.012658,0.25316
0.012658,0.26582
0.012658,0.27848
0.012658,0.29114
0.012658,0.3038
0.012658,0.31646
0.012658,0.32911
0.012658,0.34177
0.012658,0.35443
0.012658,0.36709
0.012658,0.37975
0.012658,0.39241
0.012658,0.40506
0.012658,0.41772
0.012658,0.43038
0.012658,0.44304
0.012658,0.4557
0.012658,0.46835
0.012658,0.48101
0.012658,0.49367
0.012658,0.50633
0.012658,0.51899
0.012658,0.53165
0.012658,0.5443
0.012658,0.55696
0.012658,0.56962
0.012658,0.58228
0.012658,0.59494
0.012658,0.60759
0.012658,0.62025
0.012658,0.63291
0.012658,0.64557
0.012658,0.65823
0.012658,0.67089
0.012658,0.68354
0.012658,0.6962
0.012658,0.70886
0.012658,0.72152
0.012658,0.73418
0.012658,0.74684
0.012658,0.75949
0.012658,0.77215
0.012658,0.78481
0.012658,0.79747
0.012658,0.81013
0.012658,0.82278
0.012658,0.83544
0.012658,0.8481
0.012658,0.86076
0.012658,0.87342
0.012658,0.88608
0.012658,0.89873
0.012658,0.91139
0.012658,0.92405
0.012658,0.93671
0.012658,0.94937
0.012658,0.96203
0.012658,0.97468
0.012658,0.98734
0.025316,0.012658
0.025316,0.025316
0.025316,0.037975
0.025316,0.050633
0.025316,0.063291
0.025316,0.075949
0.025316,0.088608
0.025316,0.10127
0.025316,0.11392
0.025316,0.12658
0.025316,0.13924
0.025316,0.1519
0.025316,0.16456
0.025316,0.17722
0.025316,0.18987
0.025316,0.20253
0.025316,0.21519
0.025316,0.22785
0.025316,0.24051
0.025316,0.25316
0.025316,0.26582
0.025316,0.27848
0.025316,0.29114
0.025316,0.3038
0.025316,0.31646
0.025316,0.32911
0.025316,0.34177
0.025316,0.35443
0.025316,0.36709
0.025316,0.37975
0.025316,0.39241
0.025316,0.40506
0.025316,0.41772
0.025316,0.43038
0.025316,0.44304
0.025316,0.4557
0.025316,0.46835
0.025316,0.48101
0.025316,0.49367
0.025316,0.50633
0.025316,0.51899
0.025316,0.53165
0.025316,0.5443
0.025316,0.55696
0.025316,0.56962
0.025316,0.58228
0.025316,0.59494
0.025316,0.60759
0.025316,0.62025
0.025316,0.63291
0.025316,0.64557
0.025316,0.65823
0.025316,0.67089
0.025316,0.68354
0.025316,0.6962
0.025316,0.70886
0.025316,0.72152
0.025316,0.73418
0.025316,0.74684
0.025316,0.75949
0.025316,0.77215
0.025316,0.78481
0.025316,0.79747
0.025316,0.81013
0.025316,0.82278
0.025316,0.83544
0.025316,0.8481
0.025316,0.86076
0.025316,0.87342
0.025316,0.88608
0.025316,0.89873
0.025316,0.91139
0.025316,0.92405
0.025316,0.93671
0.025316,0.94937
0.025316,0.96203
0.025316,0.97468
0.025316,0.98734
0.037975,0.012658
0.037975,0.025316
0.037975,0.037975
0.037975,0.050633
0.037975,0.063291
0.037975,0.075949
0.037975,0.088608
0.037975,0.10127
0.037975,0.11392
0.037975,0.12658
0.037975,0.13924
0.037975,0.1519
0.037975,0.16456
0.037975,0.17722
0.037975,0.18987
0.037975,0.20253
0.037975,0.21519
0.037975,0.22785
0.037975,0.24051
0.037975,0.25316
0.037975,0.26582
0.037975,0.27848
0.037975,0.29114
0.037975,0.3038
0.037975,0.31646
0.037975,0.32911
0.037975,0.34177
0.037975,0.35443
0.037975,0.36709
0.037975,0.37975
0.037975,0.39241
0.037975,0.40506
0.037975,0.41772
0.037975,0.43038
0.037975,0.44304
0.037975,0.4557
0.037975,0.46835
0.037975,0.48101
0.037975,0.49367
0.037975,0.50633
0.037975,0.51899
0.037975,0.53165
0.037975,0.5443
0.037975,0.55696
0.037975,0.56962
0.037975,0.58228
0.037975,0.59494
0.037975,0.60759
0.037975,0.62025
0.037975,0.63291
0.037975,0.64557
0.037975,0.65823
0.037975,0.67089
0.037975,0.68354
0.037975,0.6962
0.037975,0.70886
0.037975,0.72152
0.037975,0.73418
0.037975,0.74684
0.037975,0.75949
0.037975,0.77215
0.037975,0.78481
0.037975,0.79747
0.037975,0.81013
0.037975,0.82278
0.037975,0.83544
0.037975,0.8481
0.037975,0.86076
0.037975,0.87342
0.037975,0.88608
0.037975,0.89873
0.037975,0.91139
0.037975,0.92405
0.037975,0.93671
0.037975,0.94937
0.037975,0.96203
0.037975,0.97468
0.037975,0.98734
0.050633,0.012658
0.050633,0.025316
0.050633,0.037975
0.050633,0.050633
0.050633,0.063291
0.050633,0.075949
0.050633,0.088608
0.050633,0.10127
0.050633,0.11392
0.050633,0.12658
0.050633,0.13924
0.050633,0.1519
0.050633,0.16456
0.050633,0.17722
0.050633,0.18987
0.050633,0.20253
0.050633,0.21519
0.050633,0.22785
0.050633,0.24051
0.050633,0.25316
0.050633,0.26582
0.050633,0.27848
0.050633,0.29114
0.050633,0.3038
0.050633,0.31646
0.050633,0.32911
0.050633,0.34177
0.050633,0.35443
0.050633,0.36709
0.050633,0.37975
0.050633,0.39241
0.050633,0.40506
0.050633,0.41772
0.050633,0.43038
0.050633,0.44304
0.050633,0.4557
0.050633,0.46835
0.050633,0.48101
0.050633,0.49367
0.050633,0.50633
0.050633,0.51899
0.050633,0.53165
0.050633,0.5443
0.050633,0.55696
0.050633,0.56962
0.050633,0.58228
0.050633,0.59494
0.050633,0.60759
0.050633,0.62025
0.050633,0.63291
0.050633,0.64557
0.050633,0.65823
0.050633,0.67089
0.050633,0.68354
0.050633,0.6962
0.050633,0.70886
0.050633,0.72152
0.050633,0.73418
0.050633,0.74684
0.050633,0.75949
0.050633,0.77215
0.050633,0.78481
0.050633,0.79747
0.050633,0.81013
0.050633,0.82278
0.050633,0.83544
0.050633,0.8481
0.050633,0.86076
0.050633,0.87342
0.050633,0.88608
0.050633,0.89873
0.050633,0.91139
0.050633,0.92405
0.050633,0.93671
0.050633,0.94937
0.050633,0.96203
0.050633,0.97468
0.050633,0.98734
0.063291,0.012658
0.063291,0.025316
0.063291,0.037975
0.063291,0.050633
0.063291,0.063291
0.063291,0.075949
0.063291,0.088608
0.063291,0.10127
0.063291,0.11392
0.063291,0.12658
0.063291,0.13924
0.063291,0.1519
0.063291,0.16456
0.063291,0.17722
0.063291,0.18987
0.063291,0.20253
0.063291,0.21519
0.063291,0.22785
0.063291,0.24051
0.063291,0.25316
0.063291,0.26582
0.063291,0.27848
0.063291,0.29114
0.063291,0.3038
0.063291,0.31646
0.063291,0.32911
0.063291,0.34177
0.063291,0.35443
0.063291,0.36709
0.063291,0.37975
0.063291,0.39241
0.063291,0.40506
0.063291,0.41772
0.063291,0.43038
0.063291,0.44304
0.063291,0.4557
0.063291,0.46835
0.063291,0.48101
0.063291,0.49367
0.063291,0.50633
0.063291,0.51899
0.063291,0.53165
0.063291,0.5443
0.063291,0.55696
0.063291,0.56962
0.063291,0.58228
0.063291,0.59494
0.063291,0.60759
0.063291,0.62025
0.063291,0.63291
0.063291,0.64557
0.063291,0.65823
0.063291,0.67089
0.063291,0.68354
0.063291,0.6962
0.063291,0.70886
0.063291,0.72152
0.063291,0.73418
0.063291,0.74684
0.063291,0.75949
0.063291,0.77215
0.063291,0.78481
0.063291,0.79747
0.063291,0.81013
0.063291,0.82278
0.063291,0.83544
0.063291,0.8481
0.063291,0.86076
0.063291,0.87342
0.063291,0.88608
0.063291,0.89873
0.063291,0.91139
0.063291,0.92405
0.063291,0.93671
0.063291,0.94937
0.063291,0.96203
0.063291,0.97468
0.063291,0.98734
0.075949,0.012658
0.075949,0.025316
0.075949,0.037975
0.075949,0.050633
0.075949,0.063291
0.075949,0.075949
0.075949,0.088608
0.075949,0.10127
0.075949,0.11392
0.075949,0.12658
0.075949,0.13924
0.075949,0.1519
0.075949,0.16456
0.075949,0.17722
0.075949,0.18987
0.075949,0.20253
0.075949,0.21519
0.075949,0.22785
0.075949,0.24051
0.075949,0.25316
0.075949,0.26582
0.075949,0.27848
0.075949,0.29114
0.075949,0.3038
0.075949,0.31646
0.075949,0.32911
0.075949,0.34177
0.075949,0.35443
0.075949,0.36709
0.075949,0.37975
0.075949,0.39241
0.075949,0.40506
0.075949,0.41772
0.075949,0.43038
0.075949,0.44304
0.075949,0.4557
0.075949,0.46835
0.075949,0.48101
0.075949,0.49367
0.075949,0.50633
0.075949,0.51899
0.075949,0.53165
0.075949,0.5443
0.075949,0.55696
0.075949,0.56962
0.075949,0.58228
0.075949,0.59494
0.075949,0.60759
0.075949,0.62025
0.075949,0.63291
0.075949,0.64557
0.075949,0.65823
0.075949,0.67089
0.075949,0.68354
0.075949,0.6962
0.075949,0.70886
0.075949,0.72152
0.075949,0.73418
0.075949,0.74684
0.075949,0.75949
0.075949,0.77215
0.075949,0.78481
0.075949,0.79747
0.075949,0.81013
0.075949,0.82278
0.075949,0.83544
0.075949,0.8481
0.075949,0.86076
0.075949,0.87342
0.075949,0.88608
0.075949,0.89873
0.075949,0.91139
0.075949,0.92405
0.075949,0.93671
0.075949,0.94937
0.075949,0.96203
0.075949,0.97468
0.075949,0.98734
0.088608,0.012658
0.088608,0.025316
0.088608,0.037975
0.088608,0.050633
0.088608,0.063291
0.088608,0.075949
0.088608,0.088608
0.088608,0.10127
0.088608,0.11392
0.088608,0.12658
0.088608,0.13924
0.088608,0.1519
0.088608,0.16456
0.088608,0.17722
0.088608,0.18987
0.088608,0.20253
0.088608,0.21519
0.088608,0.22785
0.088608,0.24051
0.088608,0.25316
0.088608,0.26582
0.088608,0.27848
0.088608,0.29114
0.088608,0.3038
0.088608,0.31646
0.088608,0.32911
0.088608,0.34177
0.088608,0.35443
0.088608,0.36709
0.088608,0.37975
0.088608,0.39241
0.088608,0.40506
0.088608,0.41772
0.088608,0.43038
0.088608,0.44304
0.088608,0.4557
0.088608,0.46835
0.088608,0.48101
0.088608,0.49367
0.088608,0.50633
0.088608,0.51899
0.088608,0.53165
0.088608,0.5443
0.088608,0.55696
0.088608,0.56962
0.088608,0.58228
0.088608,0.59494
0.088608,0.60759
0.088608,0.62025
0.088608,0.63291
0.088608,0.64557
0.088608,0.65823
0.088608,0.67089
0.088608,0.68354
0.088608,0.6962
0.088608,0.70886
0.088608,0.72152
0.088608,0.73418
0.088608,0.74684
0.088608,0.75949
0.088608,0.77215
0.088608,0.78481
0.088608,0.79747
0.088608,0.81013
0.088608,0.82278
0.088608,0.83544
0.088608,0.8481
0.088608,0.86076
0.088608,0.87342
0.088608,0.88608
0.088608,0.89873
0.088608,0.91139
0.088608,0.92405
0.088608,0.93671
0.088608,0.94937
0.088608,0.96203
0.088608,0.97468
0.088608,0.98734
0.10127,0.012658
0.10127,0.025316
0.10127,0.037975
0.10127,0.050633
0.10127,0.063291
0.10127,0.075949
0.10127,0.088608
0.10127,0.10127
0.10127,0.11392
0.10127,0.12658
0.10127,0.13924
0.10127,0.1519
0.10127,0.16456
0.10127,0.17722
0.10127,0.18987
0.10127,0.20253
0.10127,0.21519
0.10127,0.22785
0.10127,0.24051
0.10127,0.25316
0.10127,0.26582
0.10127,0.27848
0.10127,0.29114
0.10127,0.3038
0.10127,0.31646
0.10127,0.32911
0.10127,0.34177
0.10127,0.35443
0.10127,0.36709
0.10127,0.37975
0.10127,0.39241
0.10127,0.40506
0.10127,0.41772
0.10127,0.43038
0.10127,0.44304
0.10127,0.4557
0.10127,0.46835
0.10127,0.48101
0.10127,0.49367
0.10127,0.50633
0.10127,0.51899
0.10127,0.53165
0.10127,0.5443
0.10127,0.55696
0.10127,0.56962
0.10127,0.58228
0.10127,0.59494
0.10127,0.60759
0.10127,0.62025
0.10127,0.63291
0.10127,0.64557
0.10127,0.65823
0.10127,0.67089
0.10127,0.68354
0.10127,0.6962
0.10127,0.70886
0.10127,0.72152
0.10127,0.73418
0.10127,0.74684
0.10127,0.75949
0.10127,0.77215
0.10127,0.78481
0.10127,0.79747
0.10127,0.81013
0.10127,0.82278
0.10127,0.83544
0.10127,0.8481
0.10127,0.86076
0.10127,0.87342
0.10127,0.88608
0.10127,0.89873
0.10127,0.91139
0.10127,0.92405
0.10127,0.93671
0.10127,0.94937
0.10127,0.96203
0.10127,0.97468
0.10127,0.98734
0.11392,0.012658
0.11392,0.025316
0.11392,0.037975
0.11392,0.050633
0.11392,0.063291
0.11392,0.075949
0.11392,0.088608
0.11392,0.10127
0.11392,0.11392
0.11392,0.12658
0.11392,0.13924
0.11392,0.1519
0.11392,0.16456
0.11392,0.17722
0.11392,0.18987
0.11392,0.20253
0.11392,0.21519
0.11392,0.22785
0.11392,0.24051
0.11392,0.25316
0.11392,0.26582
0.11392,0.27848
0.11392,0.29114
0.11392,0.3038
0.11392,0.31646
0.11392,0.32911
0.11392,0.34177
0.11392,0.35443
0.11392,0.36709
0.11392,0.37975
0.11392,0.39241
0.11392,0.40506
0.11392,0.41772
0.11392,0.43038
0.11392,0.44304
0.11392,0.4557
0.11392,0.46835
0.11392,0.48101
0.11392,0.49367
0.11392,0.50633
0.11392,0.51899
0.11392,0.53165
0.11392,0.5443
0.11392,0.55696
0.11392,0.56962
0.11392,0.58228
0.11392,0.59494
0.11392,0.60759
0.11392,0.62025
0.11392,0.63291
0.11392,0.64557
0.11392,0.65823
0.11392,0.67089
0.11392,0.68354
0.11392,0.6962
0.11392,0.70886
0.11392,0.72152
0.11392,0.73418
0.11392,0.74684
0.11392,0.75949
0.11392,0.77215
0.11392,0.78481
0.11392,0.79747
0.11392,0.81013
0.11392,0.82278
0.11392,0.83544
0.11392,0.8481
0.11392,0.86076
0.11392,0.87342
0.11392,0.88608
0.11392,0.89873
0.11392,0.91139
0.11392,0.92405
0.11392,0.93671
0.11392,0.94937
0.11392,0.96203
0.11392,0.97468
0.11392,0.98734
0.12658,0.012658
0.12658,0.025316
0.12658,0.037975
0.12658,0.050633
0.12658,0.063291
0.12658,0.075949
0.12658,0.088608
0.12658,0.10127
0.12658,0.11392
0.12658,0.12658
0.12658,0.13924
0.12658,0.1519
0.12658,0.16456
0.12658,0.17722
0.12658,0.22785
0.12658,0.24051
0.12658,0.25316
0.12658,0.26582
0.12658,0.27848
0.12658,0.29114
0.12658,0.3038
0.12658,0.31646
0.12658,0.32911
0.12658,0.34177
0.12658,0.35443
0.12658,0.36709
0.12658,0.37975
0.12658,0.39241
0.12658,0.40506
0.12658,0.41772
0.12658,0.43038
0.12658,0.44304
0.12658,0.4557
0.12658,0.46835
0.12658,0.48101
0.12658,0.49367
0.12658,0.50633
0.12658,0.51899
0.12658,0.53165
0.12658,0.5443
0.12658,0.55696
0.12658,0.56962
0.12658,0.58228
0.12658,0.59494
0.12658,0.60759
0.12658,0.62025
0.12658,0.63291
0.12658,0.64557
0.12658,0.65823
0.12658,0.67089
0.12658,0.68354
0.12658,0.6962
0.12658,0.70886
0.12658,0.72152
0.12658,0.73418
0.12658,0.74684
0.12658,0.75949
0.12658,0.77215
0.12658,0.78481
0.12658,0.79747
0.12658,0.81013
0.12658,0.82278
0.12658,0.83544
0.12658,0.8481
0.12658,0.86076
0.12658,0.87342
0.12658,0.88608
0.12658,0.89873
0.12658,0.91139
0.12658,0.92405
0.12658,0.93671
0.12658,0.94937
0.12658,0.96203
0.12658,0.97468
0.12658,0.98734
0.13924,0.012658
0.13924,0.025316
0.13924,0.037975
0.13924,0.050633
0.13924,0.063291
0.13924,0.075949
0.13924,0.088608
0.13924,0.10127
0.13924,0.11392
0.13924,0.12658
0.13924,0.13924
0.13924,0.1519
0.13924,0.25316
0.13924,0.26582
0.13924,0.27848
0.13924,0.29114
0.13924,0.3038
0.13924,0.31646
0.13924,0.32911
0.13924,0.34177
0.13924,0.35443
0.13924,0.36709
0.13924,0.37975
0.13924,0.39241
0.13924,0.40506
0.13924,0.41772
0.13924,0.43038
0.13924,0.44304
0.13924,0.4557
0.13924,0.46835
0.13924,0.48101
0.13924,0.49367
0.13924,0.50633
0.13924,0.51899
0.13924,0.53165
0.13924,0.5443
0.13924,0.55696
0.13924,0.56962
0.13924,0.58228
0.13924,0.59494
0.13924,0.60759
0.13924,0.62025
0.13924,0.63291
0.13924,0.64557
0.13924,0.65823
0.13924,0.67089
0.13924,0.68354
0.13924,0.6962
0.13924,0.70886
0.13924,0.72152
0.13924,0.73418
0.13924,0.74684
0.13924,0.75949
0.13924,0.77215
0.13924,0.78481
0.13924,0.79747
0.13924,0.81013
0.13924,0.82278
0.13924,0.83544
0.13924,0.8481
0.13924,0.86076
0.13924,0.87342
0.13924,0.88608
0.13924,0.89873
0.13924,0.91139
0.13924,0.92405
0.13924,0.93671
0.13924,0.94937
0.13924,0.96203
0.13924,0.97468
0.13924,0.98734
0.1519,0.012658
0.1519,0.025316
0.1519,0.037975
0.1519,0.050633
0.1519,0.063291
0.1519,0.075949
0.1519,0.088608
0.1519,0.10127
0.1519,0.11392
0.1519,0.12658
0.1519,0.13924
0.1519,0.26582
0.1519,0.27848
0.1519,0.29114
0.1519,0.3038
0.1519,0.31646
0.1519,0.32911
0.1519,0.34177
0.1519,0.35443
0.1519,0.36709
0.1519,0.37975
0.1519,0.39241
0.1519,0.40506
0.1519,0.41772
0.1519,0.43038
0.1519,0.44304
0.1519,0.4557
0.1519,0.46835
0.1519,0.48101
0.1519,0.49367
0.1519,0.50633
0.1519,0.51899
0.1519,0.53165
0.1519,0.5443
0.1519,0.55696
0.1519,0.56962
0.1519,0.58228
0.1519,0.59494
0.1519,0.60759
0.1519,0.62025
0.1519,0.63291
0.1519,0.64557
0.1519,0.65823
0.1519,0.67089
0.1519,0.68354
0.1519,0.6962
0.1519,0.70886
0.1519,0.72152
0.1519,0.73418
0.1519,0.74684
0.1519,0.75949
0.1519,0.77215
0.1519,0.78481
0.1519,0.79747
0.1519,0.81013
0.1519,0.82278
0.1519,0.83544
0.1519,0.8481
0.1519,0.86076
0.1519,0.87342
0.1519,0.88608
0.1519,0.89873
0.1519,0.91139
0.1519,0.92405
0.1519,0.93671
0.1519,0.94937
0.1519,0.96203
0.1519,0.97468
0.1519,0.98734
0.16456,0.012658
0.16456,0.025316
0.16456,0.037975
0.16456,0.050633
0.16456,0.063291
0.16456,0.075949
0.16456,0.088608
0.16456,0.10127
0.16456,0.11392
0.16456,0.12658
0.16456,0.27848
0.16456,0.29114
0.16456,0.3038
0.16456,0.31646
0.16456,0.32911
0.16456,0.34177
0.16456,0.35443
0.16456,0.36709
0.16456,0.37975
0.16456,0.39241
0.16456,0.40506
0.16456,0.41772
0.16456,0.43038
0.16456,0.44304
0.16456,0.4557
0.16456,0.46835
0.16456,0.48101
0.16456,0.49367
0.16456,0.50633
0.16456,0.51899
0.16456,0.53165
0.16456,0.5443
0.16456,0.55696
0.16456,0.56962
0.16456,0.58228
0.16456,0.59494
0.16456,0.60759
0.16456,0.62025
0.16456,0.63291
0.16456,0.64557
0.16456,0.65823
0.16456,0.67089
0.16456,0.68354
0.16456,0.6962
0.16456,0.70886
0.16456,0.72152
0.16456,0.73418
0.16456,0.74684
0.16456,0.75949
0.16456,0.77215
0.16456,0.78481
0.16456,0.79747
0.16456,0.81013
0.16456,0.82278
0.16456,0.83544
0.16456,0.8481
0.16456,0.86076
0.16456,0.87342
0.16456,0.88608
0.16456,0.89873
0.16456,0.91139
0.16456,0.92405
0.16456,0.93671
0.16456,0.94937
0.16456,0.96203
0.16456,0.97468
0.16456,0.98734
0.17722,0.012658
0.17722,0.025316
0.17722,0.037975
0.17722,0.050633
0.17722,0.063291
0.17722,0.075949
0.17722,0.088608
0.17722,0.10127
0.17722,0.11392
0.17722,0.12658
0.17722,0.27848
0.17722,0.29114
0.17722,0.3038
0.17722,0.31646
0.17722,0.32911
0.17722,0.34177
0.17722,0.35443
0.17722,0.36709
0.17722,0.37975
0.17722,0.39241
0.17722,0.40506
0.17722,0.41772
0.17722,0.43038
0.17722,0.44304
0.17722,0.4557
0.17722,0.46835
0.17722,0.48101
0.17722,0.49367
0.17722,0.50633
0.17722,0.51899
0.17722,0.53165
0.17722,0.5443
0.17722,0.55696
0.17722,0.56962
0.17722,0.58228
0.17722,0.59494
0.17722,0.60759
0.17722,0.62025
0.17722,0.63291
0.17722,0.64557
0.17722,0.65823
0.17722,0.67089
0.17722,0.68354
0.17722,0.6962
0.17722,0.70886
0.17722,0.72152
0.17722,0.73418
0.17722,0.74684
0.17722,0.75949
0.17722,0.77215
0.17722,0.78481
0.17722,0.79747
0.17722,0.81013
0.17722,0.82278
0.17722,0.83544
0.17722,0.8481
0.17722,0.86076
0.17722,0.87342
0.17722,0.88608
0.17722,0.89873
0.17722,0.91139
0.17722,0.92405
0.17722,0.93671
0.17722,0.94937
0.17722,0.96203
0.17722,0.97468
0.17722,0.98734
0.18987,0.012658
0.18987,0.025316
0.18987,0.037975
0.18987,0.050633
0.18987,0.063291
0.18987,0.075949
0.18987,0.088608
0.18987,0.10127
0.18987,0.11392
0.18987,0.27848
0.18987,0.29114
0.18987,0.3038
0.18987,0.31646
0.18987,0.32911
0.18987,0.34177
0.18987,0.35443
0.18987,0.36709
0.18987,0.37975
0.18987,0.39241
0.18987,0.40506
0.18987,0.41772
0.18987,0.43038
0.18987,0.44304
0.18987,0.4557
0.18987,0.46835
0.18987,0.48101
0.18987,0.49367
0.18987,0.50633
0.18987,0.51899
0.18987,0.53165
0.18987,0.5443
0.18987,0.55696
0.18987,0.56962
0.18987,0.58228
0.18987,0.59494
0.18987,0.60759
0.18987,0.62025
0.18987,0.63291
0.18987,0.64557
0.18987,0.65823
0.18987,0.67089
0.18987,0.68354
0.18987,0.6962
0.18987,0.70886
0.18987,0.72152
0.18987,0.73418
0.18987,0.74684
0.18987,0.75949
0.18987,0.77215
0.18987,0.78481
0.18987,0.79747
0.18987,0.81013
0.18987,0.82278
0.18987,0.83544
0.18987,0.8481
0.18987,0.86076
0.18987,0.87342
0.18987,0.88608
0.18987,0.89873
0.18987,0.91139
0.18987,0.92405
0.18987,0.93671
0.18987,0.94937
0.18987,0.96203
0.18987,0.97468
0.18987,0.98734
0.20253,0.012658
0.20253,0.025316
0.20253,0.037975
0.20253,0.050633
0.20253,0.063291
0.20253,0.075949
0.20253,0.088608
0.20253,0.10127
0.20253,0.11392
0.20253,0.27848
0.20253,0.29114
0.20253,0.3038
0.20253,0.31646
0.20253,0.32911
0.20253,0.34177
0.20253,0.35443
0.20253,0.36709
0.20253,0.37975
0.20253,0.39241
0.20253,0.40506
0.20253,0.41772
0.20253,0.43038
0.20253,0.44304
0.20253,0.4557
0.20253,0.46835
0.20253,0.48101
0.20253,0.49367
0.20253,0.50633
0.20253,0.51899
0.20253,0.53165
0.20253,0.5443
0.20253,0.55696
0.20253,0.56962
0.20253,0.58228
0.20253,0.59494
0.20253,0.60759
0.20253,0.62025
0.20253,0.63291
0.20253,0.64557
0.20253,0.65823
0.20253,0.67089
0.20253,0.68354
0.20253,0.6962
0.20253,0.70886
0.20253,0.72152
0.20253,0.73418
0.20253,0.74684
0.20253,0.75949
0.20253,0.77215
0.20253,0.78481
0.20253,0.79747
0.20253,0.81013
0.20253,0.82278
0.20253,0.83544
0.20253,0.8481
0.20253,0.86076
0.20253,0.87342
0.20253,0.88608
0.20253,0.89873
0.20253,0.91139
0.20253,0.92405
0.20253,0.93671
0.20253,0.94937
0.20253,0.96203
0.20253,0.97468
0.20253,0.98734
0.21519,0.012658
0.21519,0.025316
0.21519,0.037975
0.21519,0.050633
0.21519,0.063291
0.21519,0.075949
0.21519,0.088608
0.21519,0.10127
0.21519,0.11392
0.21519,0.27848
0.21519,0.29114
0.21519,0.3038
0.21519,0.31646
0.21519,0.32911
0.21519,0.34177
0.21519,0.35443
0.21519,0.36709
0.21519,0.37975
0.21519,0.39241
0.21519,0.40506
0.21519,0.41772
0.21519,0.43038
0.21519,0.44304
0.21519,0.4557
0.21519,0.46835
0.21519,0.48101
0.21519,0.49367
0.21519,0.50633
0.21519,0.51899
0.21519,0.53165
0.21519,0.5443
0.21519,0.55696
0.21519,0.56962
0.21519,0.58228
0.21519,0.59494
0.21519,0.60759
0.21519,0.62025
0.21519,0.63291
0.21519,0.64557
0.21519,0.65823
0.21519,0.67089
0.21519,0.68354
0.21519,0.6962
0.21519,0.70886
0.21519,0.72152
0.21519,0.73418
0.21519,0.74684
0.21519,0.75949
0.21519,0.77215
0.21519,0.78481
0.21519,0.79747
0.21519,0.81013
0.21519,0.82278
0.21519,0.83544
0.21519,0.8481
0.21519,0.86076
0.21519,0.87342
0.21519,0.88608
0.21519,0.89873
0.21519,0.91139
0.21519,0.92405
0.21519,0.93671
0.21519,0.94937
0.21519,0.96203
0.21519,0.97468
0.21519,0.98734
0.22785,0.012658
0.22785,0.025316
0.22785,0.037975
0.22785,0.050633
0.22785,0.063291
0.22785,0.075949
0.22785,0.088608
0.22785,0.10127
0.22785,0.11392
0.22785,0.12658
0.22785,0.27848
0.22785,0.29114
0.22785,0.3038
0.22785,0.31646
0.22785,0.32911
0.22785,0.34177
0.22785,0.35443
0.22785,0.36709
0.22785,0.37975
0.22785,0.39241
0.22785,0.40506
0.22785,0.41772
0.22785,0.43038
0.22785,0.44304
0.22785,0.4557
0.22785,0.46835
0.22785,0.48101
0.22785,0.49367
0.22785,0.50633
0.22785,0.51899
0.22785,0.53165
0.22785,0.5443
0.22785,0.55696
0.22785,0.56962
0.22785,0.58228
0.22785,0.59494
0.22785,0.60759
0.22785,0.62025
0.22785,0.63291
0.22785,0.64557
0.22785,0.65823
0.22785,0.67089
0.22785,0.68354
0.22785,0.6962
0.22785,0.70886
0.22785,0.72152
0.22785,0.73418
0.22785,0.74684
0.22785,0.75949
0.22785,0.77215
0.22785,0.78481
0.22785,0.79747
0.22785,0.81013
0.22785,0.82278
0.22785,0.83544
0.22785,0.8481
0.22785,0.86076
0.22785,0.87342
0.22785,0.88608
0.22785,0.89873
0.22785,0.91139
0.22785,0.92405
0.22785,0.93671
0.22785,0.94937
0.22785,0.96203
0.22785,0.97468
0.22785,0.98734
0.24051,0.012658
0.24051,0.025316
0.24051,0.037975
0.24051,0.050633
0.24051,0.063291
0.24051,0.075949
0.24051,0.088608
0.24051,0.10127
0.24051,0.11392
0.24051,0.12658
0.24051,0.26582
0.24051,0.27848
0.24051,0.29114
0.24051,0.3038
0.24051,0.31646
0.24051,0.32911
0.24051,0.34177
0.24051,0.35443
0.24051,0.36709
0.24051,0.37975
0.24051,0.39241
0.24051,0.40506
0.24051,0.41772
0.24051,0.43038
0.24051,0.44304
0.24051,0.4557
0.24051,0.46835
0.24051,0.48101
0.24051,0.49367
0.24051,0.50633
0.24051,0.51899
0.24051,0.53165
0.24051,0.5443
0.24051,0.55696
0.24051,0.56962
0.24051,0.58228
0.24051,0.59494
0.24051,0.60759
0.24051,0.62025
0.24051,0.63291
0.24051,0.64557
0.24051,0.65823
0.24051,0.67089
0.24051,0.68354
0.24051,0.6962
0.24051,0.70886
0.24051,0.72152
0.24051,0.73418
0.24051,0.74684
0.24051,0.75949
0.24051,0.77215
0.24051,0.78481
0.24051,0.79747
0.24051,0.81013
0.24051,0.82278
0.24051,0.83544
0.24051,0.8481
0.24051,0.86076
0.24051,0.87342
0.24051,0.88608
0.24051,0.89873
0.24051,0.91139
0.24051,0.92405
0.24051,0.93671
0.24051,0.94937
0.24051,0.96203
0.24051,0.97468
0.24051,0.98734
0.25316,0.012658
0.25316,0.025316
0.25316,0.037975
0.25316,0.050633
0.25316,0.063291
0.25316,0.075949
0.25316,0.088608
0.25316,0.10127
0.25316,0.11392
0.25316,0.12658
0.25316,0.13924
0.25316,0.26582
0.25316,0.27848
0.25316,0.29114
0.25316,0.3038
0.25316,0.31646
0.25316,0.32911
0.25316,0.34177
0.25316,0.35443
0.25316,0.36709
0.25316,0.37975
0.25316,0.39241
0.25316,0.40506
0.25316,0.41772
0.25316,0.43038
0.25316,0.44304
0.25316,0.4557
0.25316,0.46835
0.25316,0.48101
0.25316,0.49367
0.25316,0.50633
0.25316,0.51899
0.25316,0.53165
0.25316,0.5443
0.25316,0.55696
0.25316,0.56962
0.25316,0.58228
0.25316,0.59494
0.25316,0.60759
0.25316,0.62025
0.25316,0.63291
0.25316,0.64557
0.25316,0.65823
0.25316,0.67089
0.25316,0.68354
0.25316,0.6962
0.25316,0.70886
0.25316,0.72152
0.25316,0.73418
0.25316,0.74684
0.25316,0.75949
0.25316,0.77215
0.25316,0.78481
0.25316,0.79747
0.25316,0.81013
0.25316,0.82278
0.25316,0.83544
0.25316,0.8481
0.25316,0.86076
0.25316,0.87342
0.25316,0.88608
0.25316,0.89873
0.25316,0.91139
0.25316,0.92405
0.25316,0.93671
0.25316,0.94937
0.25316,0.96203
0.25316,0.97468
0.25316,0.98734
0.26582,0.012658
0.26582,0.025316
0.26582,0.037975
0.26582,0.050633
0.26582,0.063291
0.26582,0.075949
0.26582,0.088608
0.26582,0.10127
0.26582,0.11392
0.26582,0.12658
0.26582,0.13924
0.26582,0.1519
0.26582,0.24051
0.26582,0.25316
0.26582,0.26582
0.26582,0.27848
0.26582,0.29114
0.26582,0.3038
0.26582,0.31646
0.26582,0.32911
0.26582,0.34177
0.26582,0.35443
0.26582,0.36709
0.26582,0.37975
0.26582,0.39241
0.26582,0.40506
0.26582,0.41772
0.26582,0.43038
0.26582,0.44304
0.26582,0.4557
0.26582,0.46835
0.26582,0.48101
0.26582,0.49367
0.26582,0.50633
0.26582,0.51899
0.26582,0.53165
0.26582,0.5443
0.26582,0.55696
0.26582,0.56962
0.26582,0.58228
0.26582,0.59494
0.26582,0.60759
0.26582,0.62025
0.26582,0.63291
0.26582,0.64557
0.26582,0.65823
0.26582,0.67089
0.26582,0.68354
0.26582,0.6962
0.26582,0.70886
0.26582,0.72152
0.26582,0.73418
0.26582,0.74684
0.26582,0.75949
0.26582,0.77215
0.26582,0.78481
0.26582,0.79747
0.26582,0.81013
0.26582,0.82278
0.26582,0.83544
0.26582,0.8481
0.26582,0.86076
0.26582,0.87342
0.26582,0.88608
0.26582,0.89873
0.26582,0.91139
0.26582,0.92405
0.26582,0.93671
0.26582,0.94937
0.26582,0.96203
0.26582,0.97468
0.26582,0.98734
0.27848,0.012658
0.27848,0.025316
0.27848,0.037975
0.27848,0.050633
0.27848,0.063291
0.27848,0.075949
0.27848,0.088608
0.27848,0.10127
0.27848,0.11392
0.27848,0.12658
0.27848,0.13924
0.27848,0.1519
0.27848,0.16456
0.27848,0.17722
0.27848,0.18987
0.27848,0.20253
0.27848,0.21519
0.27848,0.22785
0.27848,0.24051
0.27848,0.25316
0.27848,0.26582
0.27848,0.27848
0.27848,0.29114
0.27848,0.3038
0.27848,0.31646
0.27848,0.32911
0.27848,0.34177
0.27848,0.35443
0.27848,0.36709
0.27848,0.37975
0.27848,0.39241
0.27848,0.40506
0.27848,0.41772
0.27848,0.43038
0.27848,0.44304
0.27848,0.4557
0.27848,0.46835
0.27848,0.48101
0.27848,0.49367
0.27848,0.50633
0.27848,0.51899
0.27848,0.53165
0.27848,0.5443
0.27848,0.55696
0.27848,0.56962
0.27848,0.58228
0.27848,0.59494
0.27848,0.60759
0.27848,0.62025
0.27848,0.63291
0.27848,0.64557
0.27848,0.65823
0.27848,0.67089
0.27848,0.68354
0.27848,0.6962
0.27848,0.70886
0.27848,0.72152
0.27848,0.73418
0.27848,0.74684
0.27848,0.75949
0.27848,0.77215
0.27848,0.78481
0.27848,0.79747
0.27848,0.81013
0.27848,0.82278
0.27848,0.83544
0.27848,0.8481
0.27848,0.86076
0.27848,0.87342
0.27848,0.88608
0.27848,0.89873
0.27848,0.91139
0.27848,0.92405
0.27848,0.93671
0.27848,0.94937
0.27848,0.96203
0.27848,0.97468
0.27848,0.98734
0.29114,0.012658
0.29114,0.025316
0.29114,0.037975
0.29114,0.050633
0.29114,0.063291
0.29114,0.075949
0.29114,0.088608
0.29114,0.10127
0.29114,0.11392
0.29114,0.12658
0.29114,0.13924
0.29114,0.1519
0.29114,0.16456
0.29114,0.17722
0.29114,0.18987
0.29114,0.20253
0.29114,0.21519
0.29114,0.22785
0.29114,0.24051
0.29114,0.25316
0.29114,0.26582
0.29114,0.27848
0.29114,0.29114
0.29114,0.3038
0.29114,0.31646
0.29114,0.32911
0.29114,0.34177
0.29114,0.35443
0.29114,0.36709
0.29114,0.37975
0.29114,0.39241
0.29114,0.40506
0.29114,0.41772
0.29114,0.43038
0.29114,0.44304
0.29114,0.4557
0.29114,0.46835
0.29114,0.48101
0.29114,0.49367
0.29114,0.50633
0.29114,0.51899
0.29114,0.53165
0.29114,0.5443
0.29114,0.55696
0.29114,0.56962
0.29114,0.58228
0.29114,0.59494
0.29114,0.60759
0.29114,0.62025
0.29114,0.63291
0.29114,0.64557
0.29114,0.65823
0.29114,0.67089
0.29114,0.68354
0.29114,0.6962
0.29114,0.70886
0.29114,0.72152
0.29114,0.73418
0.29114,0.74684
0.29114,0.75949
0.29114,0.77215
0.29114,0.78481
0.29114,0.79747
0.29114,0.81013
0.29114,0.82278
0.29114,0.83544
0.29114,0.8481
0.29114,0.86076
0.29114,0.87342
0.29114,0.88608
0.29114,0.89873
0.29114,0.91139
0.29114,0.92405
0.29114,0.93671
0.29114,0.94937
0.29114,0.96203
0.29114,0.97468
0.29114,0.98734
0.3038,0.012658
0.3038,0.025316
0.3038,0.037975
0.3038,0.050633
0.3038,0.063291
0.3038,0.075949
0.3038,0.088608
0.3038,0.10127
0.3038,0.11392
0.3038,0.12658
0.3038,0.13924
0.3038,0.1519
0.3038,0.16456
0.3038,0.17722
0.3038,0.18987
0.3038,0.20253
0.3038,0.21519
0.3038,0.22785
0.3038,0.24051
0.3038,0.25316
0.3038,0.26582
0.3038,0.27848
0.3038,0.29114
0.3038,0.3038
0.3038,0.31646
0.3038,0.32911
0.3038,0.34177
0.3038,0.35443
0.3038,0.36709
0.3038,0.37975
0.3038,0.39241
0.3038,0.40506
0.3038,0.41772
0.3038,0.43038
0.3038,0.44304
0.3038,0.4557
0.3038,0.46835
0.3038,0.48101
0.3038,0.49367
0.3038,0.50633
0.3038,0.51899
0.3038,0.53165
0.3038,0.5443
0.3038,0.55696
0.3038,0.56962
0.3038,0.58228
0.3038,0.59494
0.3038,0.60759
0.3038,0.62025
0.3038,0.63291
0.3038,0.64557
0.3038,0.65823
0.3038,0.67089
0.3038,0.68354
0.3038,0.6962
0.3038,0.70886
0.3038,0.72152
0.3038,0.73418
0.3038,0.74684
0.3038,0.75949
0.3038,0.77215
0.3038,0.78481
0.3038,0.79747
0.3038,0.81013
0.3038,0.82278
0.3038,0.83544
0.3038,0.8481
0.3038,0.86076
0.3038,0.87342
0.3038,0.88608
0.3038,0.89873
0.3038,0.91139
0.3038,0.92405
0.3038,0.93671
0.3038,0.94937
0.3038,0.96203
0.3038,0.97468
0.3038,0.98734
0.31646,0.012658
0.31646,0.025316
0.31646,0.037975
0.31646,0.050633
0.31646,0.063291
0.31646,0.075949
0.31646,0.088608
0.31646,0.10127
0.31646,0.11392
0.31646,0.12658
0.31646,0.13924
0.31646,0.1519
0.31646,0.16456
0.31646,0.17722
0.31646,0.18987
0.31646,0.20253
0.31646,0.21519
0.31646,0.22785
0.31646,0.24051
0.31646,0.25316
0.31646,0.26582
0.31646,0.27848
0.31646,0.29114
0.31646,0.3038
0.31646,0.31646
0.31646,0.32911
0.31646,0.34177
0.31646,0.35443
0.31646,0.36709
0.31646,0.37975
0.31646,0.39241
0.31646,0.40506
0.31646,0.41772
0.31646,0.43038
0.31646,0.44304
0.31646,0.4557
0.31646,0.46835
0.31646,0.48101
0.31646,0.49367
0.31646,0.50633
0.31646,0.51899
0.31646,0.53165
0.31646,0.5443
0.31646,0.55696
0.31646,0.56962
0.31646,0.58228
0.31646,0.59494
0.31646,0.60759
0.31646,0.62025
0.31646,0.63291
0.31646,0.64557
0.31646,0.65823
0.31646,0.67089
0.31646,0.68354
0.31646,0.6962
0.31646,0.70886
0.31646,0.72152
0.31646,0.73418
0.31646,0.74684
0.31646,0.75949
0.31646,0.77215
0.31646,0.78481
0.31646,0.79747
0.31646,0.81013
0.31646,0.82278
0.31646,0.83544
0.31646,0.8481
0.31646,0.86076
0.31646,0.87342
0.31646,0.88608
0.31646,0.89873
0.31646,0.91139
0.31646,0.92405
0.31646,0.93671
0.31646,0.94937
0.31646,0.96203
0.31646,0.97468
0.31646,0.98734
0.32911,0.012658
0.32911,0.025316
0.32911,0.037975
0.32911,0.050633
0.32911,0.063291
0.32911,0.075949
0.32911,0.088608
0.32911,0.10127
0.32911,0.11392
0.32911,0.12658
0.32911,0.13924
0.32911,0.1519
0.32911,0.16456
0.32911,0.17722
0.32911,0.18987
0.32911,0.20253
0.32911,0.21519
0.32911,0.22785
0.32911,0.24051
0.32911,0.25316
0.32911,0.26582
0.32911,0.27848
0.32911,0.29114
0.32911,0.3038
0.32911,0.31646
0.32911,0.32911
0.32911,0.34177
0.32911,0.35443
0.32911,0.36709
0.32911,0.37975
0.32911,0.39241
0.32911,0.40506
0.32911,0.41772
0.32911,0.43038
0.32911,0.44304
0.32911,0.4557
0.32911,0.46835
0.32911,0.48101
0.32911,0.49367
0.32911,0.50633
0.32911,0.51899
0.32911,0.53165
0.32911,0.5443
0.32911,0.55696
0.32911,0.56962
0.32911,0.58228
0.32911,0.59494
0.32911,0.60759
0.32911,0.62025
0.32911,0.63291
0.32911,0.64557
0.32911,0.65823
0.32911,0.67089
0.32911,0.68354
0.32911,0.6962
0.32911,0.70886
0.32911,0.72152
0.32911,0.73418
0.32911,0.74684
0.32911,0.75949
0.32911,0.77215
0.32911,0.78481
0.32911,0.79747
0.32911,0.81013
0.32911,0.82278
0.32911,0.83544
0.32911,0.8481
0.32911,0.86076
0.32911,0.87342
0.32911,0.88608
0.32911,0.89873
0.32911,0.91139
0.32911,0.92405
0.32911,0.93671
0.32911,0.94937
0.32911,0.96203
0.32911,0.97468
0.32911,0.98734
0.34177,0.012658
0.34177,0.025316
0.34177,0.037975
0.34177,0.050633
0.34177,0.063291
0.34177,0.075949
0.34177,0.088608
0.34177,0.10127
0.34177,0.11392
0.34177,0.12658
0.34177,0.13924
0.34177,0.1519
0.34177,0.16456
0.34177,0.17722
0.34177,0.18987
0.34177,0.20253
0.34177,0.21519
0.34177,0.22785
0.34177,0.24051
0.34177,0.25316
0.34177,0.26582
0.34177,0.27848
0.34177,0.29114
0.34177,0.3038
0.34177,0.31646
0.34177,0.32911
0.34177,0.34177
0.34177,0.35443
0.34177,0.36709
0.34177,0.37975
0.34177,0.39241
0.34177,0.40506
0.34177,0.41772
0.34177,0.43038
0.34177,0.44304
0.34177,0.4557
0.34177,0.46835
0.34177,0.48101
0.34177,0.49367
0.34177,0.50633
0.34177,0.51899
0.34177,0.53165
0.34177,0.5443
0.34177,0.55696
0.34177,0.56962
0.34177,0.58228
0.34177,0.59494
0.34177,0.60759
0.34177,0.62025
0.34177,0.63291
0.34177,0.64557
0.34177,0.65823
0.34177,0.67089
0.34177,0.68354
0.34177,0.6962
0.34177,0.70886
0.34177,0.72152
0.34177,0.73418
0.34177,0.74684
0.34177,0.75949
0.34177,0.77215
0.34177,0.78481
0.34177,0.79747
0.34177,0.81013
0.34177,0.82278
0.34177,0.83544
0.34177,0.8481
0.34177,0.86076
0.34177,0.87342
0.34177,0.88608
0.34177,0.89873
0.34177,0.91139
0.34177,0.92405
0.34177,0.93671
0.34177,0.94937
0.34177,0.96203
0.34177,0.97468
0.34177,0.98734
0.35443,0.012658
0.35443,0.025316
0.35443,0.037975
0.35443,0.050633
0.35443,0.063291
0.35443,0.075949
0.35443,0.088608
0.35443,0.10127
0.35443,0.11392
0.35443,0.12658
0.35443,0.13924
0.35443,0.1519
0.35443,0.16456
0.35443,0.17722
0.35443,0.18987
0.35443,0.20253
0.35443,0.21519
0.35443,0.22785
0.35443,0.24051
0.35443,0.25316
0.35443,0.26582
0.35443,0.27848
0.35443,0.29114
0.35443,0.3038
0.35443,0.31646
0.35443,0.32911
0.35443,0.34177
0.35443,0.35443
0.35443,0.36709
0.35443,0.37975
0.35443,0.39241
0.35443,0.40506
0.35443,0.41772
0.35443,0.43038
0.35443,0.44304
0.35443,0.4557
0.35443,0.46835
0.35443,0.48101
0.35443,0.49367
0.35443,0.50633
0.35443,0.51899
0.35443,0.53165
0.35443,0.5443
0.35443,0.55696
0.35443,0.56962
0.35443,0.58228
0.35443,0.59494
0.35443,0.60759
0.35443,0.62025
0.35443,0.63291
0.35443,0.64557
0.35443,0.65823
0.35443,0.67089
0.35443,0.68354
0.35443,0.6962
0.35443,0.70886
0.35443,0.72152
0.35443,0.73418
0.35443,0.74684
0.35443,0.75949
0.35443,0.77215
0.35443,0.78481
0.35443,0.79747
0.35443,0.81013
0.35443,0.82278
0.35443,0.83544
0.35443,0.8481
0.35443,0.86076
0.35443,0.87342
0.35443,0.88608
0.35443,0.89873
0.35443,0.91139
0.35443,0.92405
0.35443,0.93671
0.35443,0.94937
0.35443,0.96203
0.35443,0.97468
0.35443,0.98734
0.36709,0.012658
0.36709,0.025316
0.36709,0.037975
0.36709,0.050633
0.36709,0.063291
0.36709,0.075949
0.36709,0.088608
0.36709,0.10127
0.36709,0.11392
0.36709,0.12658
0.36709,0.13924
0.36709,0.1519
0.36709,0.16456
0.36709,0.17722
0.36709,0.18987
0.36709,0.20253
0.36709,0.21519
0.36709,0.22785
0.36709,0.24051
0.36709,0.25316
0.36709,0.26582
0.36709,0.27848
0.36709,0.29114
0.36709,0.3038
0.36709,0.31646
0.36709,0.32911
0.36709,0.34177
0.36709,0.35443
0.36709,0.36709
0.36709,0.37975
0.36709,0.39241
0.36709,0.40506
0.36709,0.41772
0.36709,0.43038
0.36709,0.44304
0.36709,0.4557
0.36709,0.5443
0.36709,0.55696
0.36709,0.56962
0.36709,0.58228
0.36709,0.59494
0.36709,0.60759
0.36709,0.62025
0.36709,0.63291
0.36709,0.64557
0.36709,0.65823
0.36709,0.67089
0.36709,0.68354
0.36709,0.6962
0.36709,0.70886
0.36709,0.72152
0.36709,0.73418
0.36709,0.74684
0.36709,0.75949
0.36709,0.77215
0.36709,0.78481
0.36709,0.79747
0.36709,0.81013
0.36709,0.82278
0.36709,0.83544
0.36709,0.8481
0.36709,0.86076
0.36709,0.87342
0.36709,0.88608
0.36709,0.89873
0.36709,0.91139
0.36709,0.92405
0.36709,0.93671
0.36709,0.94937
0.36709,0.96203
0.36709,0.97468
0.36709,0.98734
0.37975,0.012658
0.37975,0.025316
0.37975,0.037975
0.37975,0.050633
0.37975,0.063291
0.37975,0.075949
0.37975,0.088608
0.37975,0.10127
0.37975,0.11392
0.37975,0.12658
0.37975,0.13924
0.37975,0.1519
0.37975,0.16456
0.37975,0.17722
0.37975,0.18987
0.37975,0.20253
0.37975,0.21519
0.37975,0.22785
0.37975,0.24051
0.37975,0.25316
0.37975,0.26582
0.37975,0.27848
0.37975,0.29114
0.37975,0.3038
0.37975,0.31646
0.37975,0.32911
0.37975,0.34177
0.37975,0.35443
0.37975,0.36709
0.37975,0.37975
0.37975,0.39241
0.37975,0.40506
0.37975,0.41772
0.37975,0.43038
0.37975,0.56962
0.37975,0.58228
0.37975,0.59494
0.37975,0.60759
0.37975,0.62025
0.37975,0.63291
0.37975,0.64557
0.37975,0.65823
0.37975,0.67089
0.37975,0.68354
0.37975,0.6962
0.37975,0.70886
0.37975,0.72152
0.37975,0.73418
0.37975,0.74684
0.37975,0.75949
0.37975,0.77215
0.37975,0.78481
0.37975,0.79747
0.37975,0.81013
0.37975,0.82278
0.37975,0.83544
0.37975,0.8481
0.37975,0.86076
0.37975,0.87342
0.37975,0.88608
0.37975,0.89873
0.37975,0.91139
0.37975,0.92405
0.37975,0.93671
0.37975,0.94937
0.37975,0.96203
0.37975,0.97468
0.37975,0.98734
0.39241,0.012658
0.39241,0.025316
0.39241,0.037975
0.39241,0.050633
0.39241,0.063291
0.39241,0.075949
0.39241,0.088608
0.39241,0.10127
0.39241,0.11392
0.39241,0.12658
0.39241,0.13924
0.39241,0.1519
0.39241,0.16456
0.39241,0.17722
0.39241,0.18987
0.39241,0.20253
0.39241,0.21519
0.39241,0.22785
0.39241,0.24051
0.39241,0.25316
0.39241,0.26582
0.39241,0.27848
0.39241,0.29114
0.39241,0.3038
0.39241,0.31646
0.39241,0.32911
0.39241,0.34177
0.39241,0.35443
0.39241,0.36709
0.39241,0.37975
0.39241,0.39241
0.39241,0.40506
0.39241,0.59494
0.39241,0.60759
0.39241,0.62025
0.39241,0.63291
0.39241,0.64557
0.39241,0.65823
0.39241,0.67089
0.39241,0.68354
0.39241,0.6962
0.39241,0.70886
0.39241,0.72152
0.39241,0.73418
0.39241,0.74684
0.39241,0.75949
0.39241,0.77215
0.39241,0.78481
0.39241,0.79747
0.39241,0.81013
0.39241,0.82278
0.39241,0.83544
0.39241,0.8481
0.39241,0.86076
0.39241,0.87342
0.39241,0.88608
0.39241,0.89873
0.39241,0.91139
0.39241,0.92405
0.39241,0.93671
0.39241,0.94937
0.39241,0.96203
0.39241,0.97468
0.39241,0.98734
0.40506,0.012658
0.40506,0.025316
0.40506,0.037975
0.40506,0.050633
0.40506,0.063291
0.40506,0.075949
0.40506,0.088608
0.40506,0.10127
0.40506,0.11392
0.40506,0.12658
0.40506,0.13924
0.40506,0.1519
0.40506,0.16456
0.40506,0.17722
0.40506,0.18987
0.40506,0.20253
0.40506,0.21519
0.40506,0.22785
0.40506,0.24051
0.40506,0.25316
0.40506,0.26582
0.40506,0.27848
0.40506,0.29114
0.40506,0.3038
0.40506,0.31646
0.40506,0.32911
0.40506,0.34177
0.40506,0.35443
0.40506,0.36709
0.40506,0.37975
0.40506,0.39241
0.40506,0.60759
0.40506,0.62025
0.40506,0.63291
0.40506,0.64557
0.40506,0.65823
0.40506,0.67089
0.40506,0.68354
0.40506,0.6962
0.40506,0.70886
0.40506,0.72152
0.40506,0.73418
0.40506,0.74684
0.40506,0.75949
0.40506,0.77215
0.40506,0.78481
0.40506,0.79747
0.40506,0.81013
0.40506,0.82278
0.40506,0.83544
0.40506,0.8481
0.40506,0.86076
0.40506,0.87342
0.40506,0.88608
0.40506,0.89873
0.40506,0.91139
0.40506,0.92405
0.40506,0.93671
0.40506,0.94937
0.40506,0.96203
0.40506,0.97468
0.40506,0.98734
0.41772,0.012658
0.41772,0.025316
0.41772,0.037975
0.41772,0.050633
0.41772,0.063291
0.41772,0.075949
0.41772,0.088608
0.41772,0.10127
0.41772,0.11392
0.41772,0.12658
0.41772,0.13924
0.41772,0.1519
0.41772,0.16456
0.41772,0.17722
0.41772,0.18987
0.41772,0.20253
0.41772,0.21519
0.41772,0.22785
0.41772,0.24051
0.41772,0.25316
0.41772,0.26582
0.41772,0.27848
0.41772,0.29114
0.41772,0.3038
0.41772,0.31646
0.41772,0.32911
0.41772,0.34177
0.41772,0.35443
0.41772,0.36709
0.41772,0.37975
0.41772,0.62025
0.41772,0.63291
0.41772,0.64557
0.41772,0.65823
0.41772,0.67089
0.41772,0.68354
0.41772,0.6962
0.41772,0.70886
0.41772,0.72152
0.41772,0.73418
0.41772,0.74684
0.41772,0.75949
0.41772,0.77215
0.41772,0.78481
0.41772,0.79747
0.41772,0.81013
0.41772,0.82278
0.41772,0.83544
0.41772,0.8481
0.41772,0.86076
0.41772,0.87342
0.41772,0.88608
0.41772,0.89873
0.41772,0.91139
0.41772,0.92405
0.41772,0.93671
0.41772,0.94937
0.41772,0.96203
0.41772,0.97468
0.41772,0.98734
0.43038,0.012658
0.43038,0.025316
0.43038,0.037975
0.43038,0.050633
0.43038,0.063291
0.43038,0.075949
0.43038,0.088608
0.43038,0.10127
0.43038,0.11392
0.43038,0.12658
0.43038,0.13924
0.43038,0.1519
0.43038,0.16456
0.43038,0.17722
0.43038,0.18987
0.43038,0.20253
0.43038,0.21519
0.43038,0.22785
0.43038,0.24051
0.43038,0.25316
0.43038,0.26582
0.43038,0.27848
0.43038,0.29114
0.43038,0.3038
0.43038,0.31646
0.43038,0.32911
0.43038,0.34177
0.43038,0.35443
0.43038,0.36709
0.43038,0.37975
0.43038,0.62025
0.43038,0.63291
0.43038,0.64557
0.43038,0.65823
0.43038,0.67089
0.43038,0.68354
0.43038,0.6962
0.43038,0.70886
0.43038,0.72152
0.43038,0.73418
0.43038,0.74684
0.43038,0.75949
0.43038,0.77215
0.43038,0.78481
0.43038,0.79747
0.43038,0.81013
0.43038,0.82278
0.43038,0.83544
0.43038,0.8481
0.43038,0.86076
0.43038,0.87342
0.43038,0.88608
0.43038,0.89873
0.43038,0.91139
0.43038,0.92405
0.43038,0.93671
0.43038,0.94937
0.43038,0.96203
0.43038,0.97468
0.43038,0.98734
0.44304,0.012658
0.44304,0.025316
0.44304,0.037975
0.44304,0.050633
0.44304,0.063291
0.44304,0.075949
0.44304,0.088608
0.44304,0.10127
0.44304,0.11392
0.44304,0.12658
0.44304,0.13924
0.44304,0.1519
0.44304,0.16456
0.44304,0.17722
0.44304,0.18987
0.44304,0.20253
0.44304,0.21519
0.44304,0.22785
0.44304,0.24051
0.44304,0.25316
0.44304,0.26582
0.44304,0.27848
0.44304,0.29114
0.44304,0.3038
0.44304,0.31646
0.44304,0.32911
0.44304,0.34177
0.44304,0.35443
0.44304,0.36709
0.44304,0.63291
0.44304,0.64557
0.44304,0.65823
0.44304,0.67089
0.44304,0.68354
0.44304,0.6962
0.44304,0.70886
0.44304,0.72152
0.44304,0.73418
0.44304,0.74684
0.44304,0.75949
0.44304,0.77215
0.44304,0.78481
0.44304,0.79747
0.44304,0.81013
0.44304,0.82278
0.44304,0.83544
0.44304,0.8481
0.44304,0.86076
0.44304,0.87342
0.44304,0.88608
0.44304,0.89873
0.44304,0.91139
0.44304,0.92405
0.44304,0.93671
0.44304,0.94937
0.44304,0.96203
0.44304,0.97468
0.44304,0.98734
0.4557,0.012658
0.4557,0.025316
0.4557,0.037975
0.4557,0.050633
0.4557,0.063291
0.4557,0.075949
0.4557,0.088608
0.4557,0.10127
0.4557,0.11392
0.4557,0.12658
0.4557,0.13924
0.4557,0.1519
0.4557,0.16456
0.4557,0.17722
0.4557,0.18987
0.4557,0.20253
0.4557,0.21519
0.4557,0.22785
0.4557,0.24051
0.4557,0.25316
0.4557,0.26582
0.4557,0.27848
0.4557,0.29114
0.4557,0.3038
0.4557,0.31646
0.4557,0.32911
0.4557,0.34177
0.4557,0.35443
0.4557,0.36709
0.4557,0.63291
0.4557,0.64557
0.4557,0.65823
0.4557,0.67089
0.4557,0.68354
0.4557,0.6962
0.4557,0.70886
0.4557,0.72152
0.4557,0.73418
0.4557,0.74684
0.4557,0.75949
0.4557,0.77215
0.4557,0.78481
0.4557,0.79747
0.4557,0.81013
0.4557,0.82278
0.4557,0.83544
0.4557,0.8481
0.4557,0.86076
0.4557,0.87342
0.4557,0.88608
0.4557,0.89873
0.4557,0.91139
0.4557,0.92405
0.4557,0.93671
0.4557,0.94937
0.4557,0.96203
0.4557,0.97468
0.4557,0.98734
0.46835,0.012658
0.46835,0.025316
0.46835,0.037975
0.46835,0.050633
0.46835,0.063291
0.46835,0.075949
0.46835,0.088608
0.46835,0.10127
0.46835,0.11392
0.46835,0.12658
0.46835,0.13924
0.46835,0.1519
0.46835,0.16456
0.46835,0.17722
0.46835,0.18987
0.46835,0.20253
0.46835,0.21519
0.46835,0.22785
0.46835,0.24051
0.46835,0.25316
0.46835,0.26582
0.46835,0.27848
0.46835,0.29114
0.46835,0.3038
0.46835,0.31646
0.46835,0.32911
0.46835,0.34177
0.46835,0.35443
0.46835,0.64557
0.46835,0.65823
0.46835,0.67089
0.46835,0.68354
0.46835,0.6962
0.46835,0.70886
0.46835,0.72152
0.46835,0.73418
0.46835,0.74684
0.46835,0.75949
0.46835,0.77215
0.46835,0.78481
0.46835,0.79747
0.46835,0.81013
0.46835,0.82278
0.46835,0.83544
0.46835,0.8481
0.46835,0.86076
0.46835,0.87342
0.46835,0.88608
0.46835,0.89873
0.46835,0.91139
0.46835,0.92405
0.46835,0.93671
0.46835,0.94937
0.46835,0.96203
0.46835,0.97468
0.46835,0.98734
0.48101,0.012658
0.48101,0.025316
0.48101,0.037975
0.48101,0.050633
0.48101,0.063291
0.48101,0.075949
0.48101,0.088608
0.48101,0.10127
0.48101,0.11392
0.48101,0.12658
0.48101,0.13924
0.48101,0.1519
0.48101,0.16456
0.48101,0.17722
0.48101,0.18987
0.48101,0.20253
0.48101,0.21519
0.48101,0.22785
0.48101,0.24051
0.48101,0.25316
0.48101,0.26582
0.48101,0.27848
0.48101,0.29114
0.48101,0.3038
0.48101,0.31646
0.48101,0.32911
0.48101,0.34177
0.48101,0.35443
0.48101,0.64557
0.48101,0.65823
0.48101,0.67089
0.48101,0.68354
0.48101,0.6962
0.48101,0.70886
0.48101,0.72152
0.48101,0.73418
0.48101,0.74684
0.48101,0.75949
0.48101,0.77215
0.48101,0.78481
0.48101,0.79747
0.48101,0.81013
0.48101,0.82278
0.48101,0.83544
0.48101,0.8481
0.48101,0.86076
0.48101,0.87342
0.48101,0.88608
0.48101,0.89873
0.48101,0.91139
0.48101,0.92405
0.48101,0.93671
0.48101,0.94937
0.48101,0.96203
0.48101,0.97468
0.48101,0.98734
0.49367,0.012658
0.49367,0.025316
0.49367,0.037975
0.49367,0.050633
0.49367,0.063291
0.49367,0.075949
0.49367,0.088608
0.49367,0.10127
0.49367,0.11392
0.49367,0.12658
0.49367,0.13924
0.49367,0.1519
0.49367,0.16456
0.49367,0.17722
0.49367,0.18987
0.49367,0.20253
0.49367,0.21519
0.49367,0.22785
0.49367,0.24051
0.49367,0.25316
0.49367,0.26582
0.49367,0.27848
0.49367,0.29114
0.49367,0.3038
0.49367,0.31646
0.49367,0.32911
0.49367,0.34177
0.49367,0.35443
0.49367,0.64557
0.49367,0.65823
0.49367,0.67089
0.49367,0.68354
0.49367,0.6962
0.49367,0.70886
0.49367,0.72152
0.49367,0.73418
0.49367,0.74684
0.49367,0.75949
0.49367,0.77215
0.49367,0.78481
0.49367,0.79747
0.49367,0.81013
0.49367,0.82278
0.49367,0.83544
0.49367,0.8481
0.49367,0.86076
0.49367,0.87342
0.49367,0.88608
0.49367,0.89873
0.49367,0.91139
0.49367,0.92405
0.49367,0.93671
0.49367,0.94937
0.49367,0.96203
0.49367,0.97468
0.49367,0.98734
0.50633,0.012658
0.50633,0.025316
0.50633,0.037975
0.50633,0.050633
0.50633,0.063291
0.50633,0.075949
0.50633,0.088608
0.50633,0.10127
0.50633,0.11392
0.50633,0.12658
0.50633,0.13924
0.50633,0.1519
0.50633,0.16456
0.50633,0.17722
0.50633,0.18987
0.50633,0.20253
0.50633,0.21519
0.50633,0.22785
0.50633,0.24051
0.50633,0.25316
0.50633,0.26582
0.50633,0.27848
0.50633,0.29114
0.50633,0.3038
0.50633,0.31646
0.50633,0.32911
0.50633,0.34177
0.50633,0.35443
0.50633,0.64557
0.50633,0.65823
0.50633,0.67089
0.50633,0.68354
0.50633,0.6962
0.50633,0.70886
0.50633,0.72152
0.50633,0.73418
0.50633,0.74684
0.50633,0.75949
0.50633,0.77215
0.50633,0.78481
0.50633,0.79747
0.50633,0.81013
0.50633,0.82278
0.50633,0.83544
0.50633,0.8481
0.50633,0.86076
0.50633,0.87342
0.50633,0.88608
0.50633,0.89873
0.50633,0.91139
0.50633,0.92405
0.50633,0.93671
0.50633,0.94937
0.50633,0.96203
0.50633,0.97468
0.50633,0.98734
0.51899,0.012658
0.51899,0.025316
0.51899,0.037975
0.51899,0.050633
0.51899,0.063291
0.51899,0.075949
0.51899,0.088608
0.51899,0.10127
0.51899,0.11392
0.51899,0.12658
0.51899,0.13924
0.51899,0.1519
0.51899,0.16456
0.51899,0.17722
0.51899,0.18987
0.51899,0.20253
0.51899,0.21519
0.51899,0.22785
0.51899,0.24051
0.51899,0.25316
0.51899,0.26582
0.51899,0.27848
0.51899,0.29114
0.51899,0.3038
0.51899,0.31646
0.51899,0.32911
0.51899,0.34177
0.51899,0.35443
0.51899,0.64557
0.51899,0.65823
0.51899,0.67089
0.51899,0.68354
0.51899,0.6962
0.51899,0.70886
0.51899,0.72152
0.51899,0.73418
0.51899,0.74684
0.51899,0.75949
0.51899,0.77215
0.51899,0.78481
0.51899,0.79747
0.51899,0.81013
0.51899,0.82278
0.51899,0.83544
0.51899,0.8481
0.51899,0.86076
0.51899,0.87342
0.51899,0.88608
0.51899,0.89873
0.51899,0.91139
0.51899,0.92405
0.51899,0.93671
0.51899,0.94937
0.51899,0.96203
0.51899,0.97468
0.51899,0.98734
0.53165,0.012658
0.53165,0.025316
0.53165,0.037975
0.53165,0.050633
0.53165,0.063291
0.53165,0.075949
0.53165,0.088608
0.53165,0.10127
0.53165,0.11392
0.53165,0.12658
0.53165,0.13924
0.53165,0.1519
0.53165,0.16456
0.53165,0.17722
0.53165,0.18987
0.53165,0.20253
0.53165,0.21519
0.53165,0.22785
0.53165,0.24051
0.53165,0.25316
0.53165,0.26582
0.53165,0.27848
0.53165,0.29114
0.53165,0.3038
0.53165,0.31646
0.53165,0.32911
0.53165,0.34177
0.53165,0.35443
0.53165,0.64557
0.53165,0.65823
0.53165,0.67089
0.53165,0.68354
0.53165,0.6962
0.53165,0.70886
0.53165,0.72152
0.53165,0.73418
0.53165,0.74684
0.53165,0.75949
0.53165,0.77215
0.53165,0.78481
0.53165,0.79747
0.53165,0.81013
0.53165,0.82278
0.53165,0.83544
0.53165,0.8481
0.53165,0.86076
0.53165,0.87342
0.53165,0.88608
0.53165,0.89873
0.53165,0.91139
0.53165,0.92405
0.53165,0.93671
0.53165,0.94937
0.53165,0.96203
0.53165,0.97468
0.53165,0.98734
0.5443,0.012658
0.5443,0.025316
0.5443,0.037975
0.5443,0.050633
0.5443,0.063291
0.5443,0.075949
0.5443,0.088608
0.5443,0.10127
0.5443,0.11392
0.5443,0.12658
0.5443,0.13924
0.5443,0.1519
0.5443,0.16456
0.5443,0.17722
0.5443,0.18987
0.5443,0.20253
0.5443,0.21519
0.5443,0.22785
0.5443,0.24051
0.5443,0.25316
0.5443,0.26582
0.5443,0.27848
0.5443,0.29114
0.5443,0.3038
0.5443,0.31646
0.5443,0.32911
0.5443,0.34177
0.5443,0.35443
0.5443,0.36709
0.5443,0.63291
0.5443,0.64557
0.5443,0.65823
0.5443,0.67089
0.5443,0.68354
0.5443,0.6962
0.5443,0.70886
0.5443,0.72152
0.5443,0.73418
0.5443,0.74684
0.5443,0.75949
0.5443,0.77215
0.5443,0.78481
0.5443,0.79747
0.5443,0.81013
0.5443,0.82278
0.5443,0.83544
0.5443,0.8481
0.5443,0.86076
0.5443,0.87342
0.5443,0.88608
0.5443,0.89873
0.5443,0.91139
0.5443,0.92405
0.5443,0.93671
0.5443,0.94937
0.5443,0.96203
0.5443,0.97468
0.5443,0.98734
0.55696,0.012658
0.55696,0.025316
0.55696,0.037975
0.55696,0.050633
0.55696,0.063291
0.55696,0.075949
0.55696,0.088608
0.55696,0.10127
0.55696,0.11392
0.55696,0.12658
0.55696,0.13924
0.55696,0.1519
0.55696,0.16456
0.55696,0.17722
0.55696,0.18987
0.55696,0.20253
0.55696,0.21519
0.55696,0.22785
0.55696,0.24051
0.55696,0.25316
0.55696,0.26582
0.55696,0.27848
0.55696,0.29114
0.55696,0.3038
0.55696,0.31646
0.55696,0.32911
0.55696,0.34177
0.55696,0.35443
0.55696,0.36709
0.55696,0.63291
0.55696,0.64557
0.55696,0.65823
0.55696,0.67089
0.55696,0.68354
0.55696,0.6962
0.55696,0.70886
0.55696,0.72152
0.55696,0.73418
0.55696,0.74684
0.55696,0.75949
0.55696,0.77215
0.55696,0.78481
0.55696,0.79747
0.55696,0.81013
0.55696,0.82278
0.55696,0.83544
0.55696,0.8481
0.55696,0.86076
0.55696,0.87342
0.55696,0.88608
0.55696,0.89873
0.55696,0.91139
0.55696,0.92405
0.55696,0.93671
0.55696,0.94937
0.55696,0.96203
0.55696,0.97468
0.55696,0.98734
0.56962,0.012658
0.56962,0.025316
0.56962,0.037975
0.56962,0.050633
0.56962,0.063291
0.56962,0.075949
0.56962,0.088608
0.56962,0.10127
0.56962,0.11392
0.56962,0.12658
0.56962,0.13924
0.56962,0.1519
0.56962,0.16456
0.56962,0.17722
0.56962,0.18987
0.56962,0.20253
0.56962,0.21519
0.56962,0.22785
0.56962,0.24051
0.56962,0.25316
0.56962,0.26582
0.56962,0.27848
0.56962,0.29114
0.56962,0.3038
0.56962,0.31646
0.56962,0.32911
0.56962,0.34177
0.56962,0.35443
0.56962,0.36709
0.56962,0.37975
0.56962,0.62025
0.56962,0.63291
0.56962,0.64557
0.56962,0.65823
0.56962,0.67089
0.56962,0.68354
0.56962,0.6962
0.56962,0.70886
0.56962,0.72152
0.56962,0.73418
0.56962,0.74684
0.56962,0.75949
0.56962,0.77215
0.56962,0.78481
0.56962,0.79747
0.56962,0.81013
0.56962,0.82278
0.56962,0.83544
0.56962,0.8481
0.56962,0.86076
0.56962,0.87342
0.56962,0.88608
0.56962,0.89873
0.56962,0.91139
0.56962,0.92405
0.56962,0.93671
0.56962,0.94937
0.56962,0.96203
0.56962,0.97468
0.56962,0.98734
0.58228,0.012658
0.58228,0.025316
0.58228,0.037975
0.58228,0.050633
0.58228,0.063291
0.58228,0.075949
0.58228,0.088608
0.58228,0.10127
0.58228,0.11392
0.58228,0.12658
0.58228,0.13924
0.58228,0.1519
0.58228,0.16456
0.58228,0.17722
0.58228,0.18987
0.58228,0.20253
0.58228,0.21519
0.58228,0.22785
0.58228,0.24051
0.58228,0.25316
0.58228,0.26582
0.58228,0.27848
0.58228,0.29114
0.58228,0.3038
0.58228,0.31646
0.58228,0.32911
0.58228,0.34177
0.58228,0.35443
0.58228,0.36709
0.58228,0.37975
0.58228,0.62025
0.58228,0.63291
0.58228,0.64557
0.58228,0.65823
0.58228,0.67089
0.58228,0.68354
0.58228,0.6962
0.58228,0.70886
0.58228,0.72152
0.58228,0.73418
0.58228,0.74684
0.58228,0.75949
0.58228,0.77215
0.58228,0.78481
0.58228,0.79747
0.58228,0.81013
0.58228,0.82278
0.58228,0.83544
0.58228,0.8481
0.58228,0.86076
0.58228,0.87342
0.58228,0.88608
0.58228,0.89873
0.58228,0.91139
0.58228,0.92405
0.58228,0.93671
0.58228,0.94937
0.58228,0.96203
0.58228,0.97468
0.58228,0.98734
0.59494,0.012658
0.59494,0.025316
0.59494,0.037975
0.59494,0.050633
0.59494,0.063291
0.59494,0.075949
0.59494,0.088608
0.59494,0.10127
0.59494,0.11392
0.59494,0.12658
0.59494,0.13924
0.59494,0.1519
0.59494,0.16456
0.59494,0.17722
0.59494,0.18987
0.59494,0.20253
0.59494,0.21519
0.59494,0.22785
0.59494,0.24051
0.59494,0.25316
0.59494,0.26582
0.59494,0.27848
0.59494,0.29114
0.59494,0.3038
0.59494,0.31646
0.59494,0.32911
0.59494,0.34177
0.59494,0.35443
0.59494,0.36709
0.59494,0.37975
0.59494,0.39241
0.59494,0.60759
0.59494,0.62025
0.59494,0.63291
0.59494,0.64557
0.59494,0.65823
0.59494,0.67089
0.59494,0.68354
0.59494,0.6962
0.59494,0.70886
0.59494,0.72152
0.59494,0.73418
0.59494,0.74684
0.59494,0.75949
0.59494,0.77215
0.59494,0.78481
0.59494,0.79747
0.59494,0.81013
0.59494,0.82278
0.59494,0.83544
0.59494,0.8481
0.59494,0.86076
0.59494,0.87342
0.59494,0.88608
0.59494,0.89873
0.59494,0.91139
0.59494,0.92405
0.59494,0.93671
0.59494,0.94937
0.59494,0.96203
0.59494,0.97468
0.59494,0.98734
0.60759,0.012658
0.60759,0.025316
0.60759,0.037975
0.60759,0.050633
0.60759,0.063291
0.60759,0.075949
0.60759,0.088608
0.60759,0.10127
0.60759,0.11392
0.60759,0.12658
0.60759,0.13924
0.60759,0.1519
0.60759,0.16456
0.60759,0.17722
0.60759,0.18987
0.60759,0.20253
0.60759,0.21519
0.60759,0.22785
0.60759,0.24051
0.60759,0.25316
0.60759,0.26582
0.60759,0.27848
0.60759,0.29114
0.60759,0.3038
0.60759,0.31646
0.60759,0.32911
0.60759,0.34177
0.60759,0.35443
0.60759,0.36709
0.60759,0.37975
0.60759,0.39241
0.60759,0.40506
0.60759,0.59494
0.60759,0.60759
0.60759,0.62025
0.60759,0.63291
0.60759,0.64557
0.60759,0.65823
0.60759,0.67089
0.60759,0.68354
0.60759,0.6962
0.60759,0.70886
0.60759,0.72152
0.60759,0.73418
0.60759,0.74684
0.60759,0.75949
0.60759,0.77215
0.60759,0.78481
0.60759,0.79747
0.60759,0.81013
0.60759,0.82278
0.60759,0.83544
0.60759,0.8481
0.60759,0.86076
0.60759,0.87342
0.60759,0.88608
0.60759,0.89873
0.60759,0.91139
0.60759,0.92405
0.60759,0.93671
0.60759,0.94937
0.60759,0.96203
0.60759,0.97468
0.60759,0.98734
0.62025,0.012658
0.62025,0.025316
0.62025,0.037975
0.62025,0.050633
0.62025,0.063291
0.62025,0.075949
0.62025,0.088608
0.62025,0.10127
0.62025,0.11392
0.62025,0.12658
0.62025,0.13924
0.62025,0.1519
0.62025,0.16456
0.62025,0.17722
0.62025,0.18987
0.62025,0.20253
0.62025,0.21519
0.62025,0.22785
0.62025,0.24051
0.62025,0.25316
0.62025,0.26582
0.62025,0.27848
0.62025,0.29114
0.62025,0.3038
0.62025,0.31646
0.62025,0.32911
0.62025,0.34177
0.62025,0.35443
0.62025,0.36709
0.62025,0.37975
0.62025,0.39241
0.62025,0.40506
0.62025,0.41772
0.62025,0.43038
0.62025,0.56962
0.62025,0.58228
0.62025,0.59494
0.62025,0.60759
0.62025,0.62025
0.62025,0.63291
0.62025,0.64557
0.62025,0.65823
0.62025,0.67089
0.62025,0.68354
0.62025,0.6962
0.62025,0.70886
0.62025,0.72152
0.62025,0.73418
0.62025,0.74684
0.62025,0.75949
0.62025,0.77215
0.62025,0.78481
0.62025,0.79747
0.62025,0.81013
0.62025,0.82278
0.62025,0.83544
0.62025,0.8481
0.62025,0.86076
0.62025,0.87342
0.62025,0.88608
0.62025,0.89873
0.62025,0.91139
0.62025,0.92405
0.62025,0.93671
0.62025,0.94937
0.62025,0.96203
0.62025,0.97468
0.62025,0.98734
0.63291,0.012658
0.63291,0.025316
0.63291,0.037975
0.63291,0.050633
0.63291,0.063291
0.63291,0.075949
0.63291,0.088608
0.63291,0.10127
0.63291,0.11392
0.63291,0.12658
0.63291,0.13924
0.63291,0.1519
0.63291,0.16456
0.63291,0.17722
0.63291,0.18987
0.63291,0.20253
0.63291,0.21519
0.63291,0.22785
0.63291,0.24051
0.63291,0.25316
0.63291,0.26582
0.63291,0.27848
0.63291,0.29114
0.63291,0.3038
0.63291,0.31646
0.63291,0.32911
0.63291,0.34177
0.63291,0.35443
0.63291,0.36709
0.63291,0.37975
0.63291,0.39241
0.63291,0.40506
0.63291,0.41772
0.63291,0.43038
0.63291,0.44304
0.63291,0.4557
0.63291,0.5443
0.63291,0.55696
0.63291,0.56962
0.63291,0.58228
0.63291,0.59494
0.63291,0.60759
0.63291,0.62025
0.63291,0.63291
0.63291,0.64557
0.63291,0.65823
0.63291,0.67089
0.63291,0.68354
0.63291,0.6962
0.63291,0.70886
0.63291,0.72152
0.63291,0.73418
0.63291,0.74684
0.63291,0.75949
0.63291,0.77215
0.63291,0.78481
0.63291,0.79747
0.63291,0.81013
0.63291,0.82278
0.63291,0.83544
0.63291,0.8481
0.63291,0.86076
0.63291,0.87342
0.63291,0.88608
0.63291,0.89873
0.63291,0.91139
0.63291,0.92405
0.63291,0.93671
0.63291,0.94937
0.63291,0.96203
0.63291,0.97468
0.63291,0.98734
0.64557,0.012658
0.64557,0.025316
0.64557,0.037975
0.64557,0.050633
0.64557,0.063291
0.64557,0.075949
0.64557,0.088608
0.64557,0.10127
0.64557,0.11392
0.64557,0.12658
0.64557,0.13924
0.64557,0.1519
0.64557,0.16456
0.64557,0.17722
0.64557,0.18987
0.64557,0.20253
0.64557,0.21519
0.64557,0.22785
0.64557,0.24051
0.64557,0.25316
0.64557,0.26582
0.64557,0.27848
0.64557,0.29114
0.64557,0.3038
0.64557,0.31646
0.64557,0.32911
0.64557,0.34177
0.64557,0.35443
0.64557,0.36709
0.64557,0.37975
0.64557,0.39241
0.64557,0.40506
0.64557,0.41772
0.64557,0.43038
0.64557,0.44304
0.64557,0.4557
0.64557,0.46835
0.64557,0.48101
0.64557,0.49367
0.64557,0.50633
0.64557,0.51899
0.64557,0.53165
0.64557,0.5443
0.64557,0.55696
0.64557,0.56962
0.64557,0.58228
0.64557,0.59494
0.64557,0.60759
0.64557,0.62025
0.64557,0.63291
0.64557,0.64557
0.64557,0.65823
0.64557,0.67089
0.64557,0.68354
0.64557,0.6962
0.64557,0.70886
0.64557,0.72152
0.64557,0.73418
0.64557,0.74684
0.64557,0.75949
0.64557,0.77215
0.64557,0.78481
0.64557,0.79747
0.64557,0.81013
0.64557,0.82278
0.64557,0.83544
0.64557,0.8481
0.64557,0.86076
0.64557,0.87342
0.64557,0.88608
0.64557,0.89873
0.64557,0.91139
0.64557,0.92405
0.64557,0.93671
0.64557,0.94937
0.64557,0.96203
0.64557,0.97468
0.64557,0.98734
0.65823,0.012658
0.65823,0.025316
0.65823,0.037975
0.65823,0.050633
0.65823,0.063291
0.65823,0.075949
0.65823,0.088608
0.65823,0.10127
0.65823,0.11392
0.65823,0.12658
0.65823,0.13924
0.65823,0.1519
0.65823,0.16456
0.65823,0.17722
0.65823,0.18987
0.65823,0.20253
0.65823,0.21519
0.65823,0.22785
0.65823,0.24051
0.65823,0.25316
0.65823,0.26582
0.65823,0.27848
0.65823,0.29114
0.65823,0.3038
0.65823,0.31646
0.65823,0.32911
0.65823,0.34177
0.65823,0.35443
0.65823,0.36709
0.65823,0.37975
0.65823,0.39241
0.65823,0.40506
0.65823,0.41772
0.65823,0.43038
0.65823,0.44304
0.65823,0.4557
0.65823,0.46835
0.65823,0.48101
0.65823,0.49367
0.65823,0.50633
0.65823,0.51899
0.65823,0.53165
0.65823,0.5443
0.65823,0.55696
0.65823,0.56962
0.65823,0.58228
0.65823,0.59494
0.65823,0.60759
0.65823,0.62025
0.65823,0.63291
0.65823,0.64557
0.65823,0.65823
0.65823,0.67089
0.65823,0.68354
0.65823,0.6962
0.65823,0.70886
0.65823,0.72152
0.65823,0.73418
0.65823,0.74684
0.65823,0.75949
0.65823,0.77215
0.65823,0.78481
0.65823,0.79747
0.65823,0.81013
0.65823,0.82278
0.65823,0.83544
0.65823,0.8481
0.65823,0.86076
0.65823,0.87342
0.65823,0.88608
0.65823,0.89873
0.65823,0.91139
0.65823,0.92405
0.65823,0.93671
0.65823,0.94937
0.65823,0.96203
0.65823,0.97468
0.65823,0.98734
0.67089,0.012658
0.67089,0.025316
0.67089,0.037975
0.67089,0.050633
0.67089,0.063291
0.67089,0.075949
0.67089,0.088608
0.67089,0.10127
0.67089,0.11392
0.67089,0.12658
0.67089,0.13924
0.67089,0.1519
0.67089,0.16456
0.67089,0.17722
0.67089,0.18987
0.67089,0.20253
0.67089,0.21519
0.67089,0.22785
0.67089,0.24051
0.67089,0.25316
0.67089,0.26582
0.67089,0.27848
0.67089,0.29114
0.67089,0.3038
0.67089,0.31646
0.67089,0.32911
0.67089,0.34177
0.67089,0.35443
0.67089,0.36709
0.67089,0.37975
0.67089,0.39241
0.67089,0.40506
0.67089,0.41772
0.67089,0.43038
0.67089,0.44304
0.67089,0.4557
0.67089,0.46835
0.67089,0.48101
0.67089,0.49367
0.67089,0.50633
0.67089,0.51899
0.67089,0.53165
0.67089,0.5443
0.67089,0.55696
0.67089,0.56962
0.67089,0.58228
0.67089,0.59494
0.67089,0.60759
0.67089,0.62025
0.67089,0.63291
0.67089,0.64557
0.67089,0.65823
0.67089,0.67089
0.67089,0.68354
0.67089,0.6962
0.67089,0.70886
0.67089,0.72152
0.67089,0.73418
0.67089,0.74684
0.67089,0.75949
0.67089,0.77215
0.67089,0.78481
0.67089,0.79747
0.67089,0.81013
0.67089,0.82278
0.67089,0.83544
0.67089,0.8481
0.67089,0.86076
0.67089,0.87342
0.67089,0.88608
0.67089,0.89873
0.67089,0.91139
0.67089,0.92405
0.67089,0.93671
0.67089,0.94937
0.67089,0.96203
0.67089,0.97468
0.67089,0.98734
0.68354,0.012658
0.68354,0.025316
0.68354,0.037975
0.68354,0.050633
0.68354,0.063291
0.68354,0.075949
0.68354,0.088608
0.68354,0.10127
0.68354,0.11392
0.68354,0.12658
0.68354,0.13924
0.68354,0.1519
0.68354,0.16456
0.68354,0.17722
0.68354,0.18987
0.68354,0.20253
0.68354,0.21519
0.68354,0.22785
0.68354,0.24051
0.68354,0.25316
0.68354,0.26582
0.68354,0.27848
0.68354,0.29114
0.68354,0.3038
0.68354,0.31646
0.68354,0.32911
0.68354,0.34177
0.68354,0.35443
0.68354,0.36709
0.68354,0.37975
0.68354,0.39241
0.68354,0.40506
0.68354,0.41772
0.68354,0.43038
0.68354,0.44304
0.68354,0.4557
0.68354,0.46835
0.68354,0.48101
0.68354,0.49367
0.68354,0.50633
0.68354,0.51899
0.68354,0.53165
0.68354,0.5443
0.68354,0.55696
0.68354,0.56962
0.68354,0.58228
0.68354,0.59494
0.68354,0.60759
0.68354,0.62025
0.68354,0.63291
0.68354,0.64557
0.68354,0.65823
0.68354,0.67089
0.68354,0.68354
0.68354,0.6962
0.68354,0.70886
0.68354,0.72152
0.68354,0.73418
0.68354,0.74684
0.68354,0.75949
0.68354,0.77215
0.68354,0.78481
0.68354,0.79747
0.68354,0.81013
0.68354,0.82278
0.68354,0.83544
0.68354,0.8481
0.68354,0.86076
0.68354,0.87342
0.68354,0.88608
0.68354,0.89873
0.68354,0.91139
0.68354,0.92405
0.68354,0.93671
0.68354,0.94937
0.68354,0.96203
0.68354,0.97468
0.68354,0.98734
0.6962,0.012658
0.6962,0.025316
0.6962,0.037975
0.6962,0.050633
0.6962,0.063291
0.6962,0.075949
0.6962,0.088608
0.6962,0.10127
0.6962,0.11392
0.6962,0.12658
0.6962,0.13924
0.6962,0.1519
0.6962,0.16456
0.6962,0.17722
0.6962,0.18987
0.6962,0.20253
0.6962,0.21519
0.6962,0.22785
0.6962,0.24051
0.6962,0.25316
0.6962,0.26582
0.6962,0.27848
0.6962,0.29114
0.6962,0.3038
0.6962,0.31646
0.6962,0.32911
0.6962,0.34177
0.6962,0.35443
0.6962,0.36709
0.6962,0.37975
0.6962,0.39241
0.6962,0.40506
0.6962,0.41772
0.6962,0.43038
0.6962,0.44304
0.6962,0.4557
0.6962,0.46835
0.6962,0.48101
0.6962,0.49367
0.6962,0.50633
0.6962,0.51899
0.6962,0.53165
0.6962,0.5443
0.6962,0.55696
0.6962,0.56962
0.6962,0.58228
0.6962,0.59494
0.6962,0.60759
0.6962,0.62025
0.6962,0.63291
0.6962,0.64557
0.6962,0.65823
0.6962,0.67089
0.6962,0.68354
0.6962,0.6962
0.6962,0.70886
0.6962,0.72152
0.6962,0.73418
0.6962,0.74684
0.6962,0.75949
0.6962,0.77215
0.6962,0.78481
0.6962,0.79747
0.6962,0.81013
0.6962,0.82278
0.6962,0.83544
0.6962,0.8481
0.6962,0.86076
0.6962,0.87342
0.6962,0.88608
0.6962,0.89873
0.6962,0.91139
0.6962,0.92405
0.6962,0.93671
0.6962,0.94937
0.6962,0.96203
0.6962,0.97468
0.6962,0.98734
0.70886,0.012658
0.70886,0.025316
0.70886,0.037975
0.70886,0.050633
0.70886,0.063291
0.70886,0.075949
0.70886,0.088608
0.70886,0.10127
0.70886,0.11392
0.70886,0.12658
0.70886,0.13924
0.70886,0.1519
0.70886,0.16456
0.70886,0.17722
0.70886,0.18987
0.70886,0.20253
0.70886,0.21519
0.70886,0.22785
0.70886,0.24051
0.70886,0.25316
0.70886,0.26582
0.70886,0.27848
0.70886,0.29114
0.70886,0.3038
0.70886,0.31646
0.70886,0.32911
0.70886,0.34177
0.70886,0.35443
0.70886,0.36709
0.70886,0.37975
0.70886,0.39241
0.70886,0.40506
0.70886,0.41772
0.70886,0.43038
0.70886,0.44304
0.70886,0.4557
0.70886,0.46835
0.70886,0.48101
0.70886,0.49367
0.70886,0.50633
0.70886,0.51899
0.70886,0.53165
0.70886,0.5443
0.70886,0.55696
0.70886,0.56962
0.70886,0.58228
0.70886,0.59494
0.70886,0.60759
0.70886,0.62025
0.70886,0.63291
0.70886,0.64557
0.70886,0.65823
0.70886,0.67089
0.70886,0.68354
0.70886,0.6962
0.70886,0.70886
0.70886,0.72152
0.70886,0.73418
0.70886,0.74684
0.70886,0.75949
0.70886,0.77215
0.70886,0.78481
0.70886,0.79747
0.70886,0.81013
0.70886,0.82278
0.70886,0.83544
0.70886,0.8481
0.70886,0.86076
0.70886,0.87342
0.70886,0.88608
0.70886,0.89873
0.70886,0.91139
0.70886,0.92405
0.70886,0.93671
0.70886,0.94937
0.70886,0.96203
0.70886,0.97468
0.70886,0.98734
0.72152,0.012658
0.72152,0.025316
0.72152,0.037975
0.72152,0.050633
0.72152,0.063291
0.72152,0.075949
0.72152,0.088608
0.72152,0.10127
0.72152,0.11392
0.72152,0.12658
0.72152,0.13924
0.72152,0.1519
0.72152,0.16456
0.72152,0.17722
0.72152,0.18987
0.72152,0.20253
0.72152,0.21519
0.72152,0.22785
0.72152,0.24051
0.72152,0.25316
0.72152,0.26582
0.72152,0.27848
0.72152,0.29114
0.72152,0.3038
0.72152,0.31646
0.72152,0.32911
0.72152,0.34177
0.72152,0.35443
0.72152,0.36709
0.72152,0.37975
0.72152,0.39241
0.72152,0.40506
0.72152,0.41772
0.72152,0.43038
0.72152,0.44304
0.72152,0.4557
0.72152,0.46835
0.72152,0.48101
0.72152,0.49367
0.72152,0.50633
0.72152,0.51899
0.72152,0.53165
0.72152,0.5443
0.72152,0.55696
0.72152,0.56962
0.72152,0.58228
0.72152,0.59494
0.72152,0.60759
0.72152,0.62025
0.72152,0.63291
0.72152,0.64557
0.72152,0.65823
0.72152,0.67089
0.72152,0.68354
0.72152,0.6962
0.72152,0.70886
0.72152,0.72152
0.72152,0.73418
0.72152,0.74684
0.72152,0.75949
0.72152,0.77215
0.72152,0.78481
0.72152,0.79747
0.72152,0.81013
0.72152,0.82278
0.72152,0.83544
0.72152,0.8481
0.72152,0.86076
0.72152,0.87342
0.72152,0.88608
0.72152,0.89873
0.72152,0.91139
0.72152,0.92405
0.72152,0.93671
0.72152,0.94937
0.72152,0.96203
0.72152,0.97468
0.72152,0.98734
0.73418,0.012658
0.73418,0.025316
0.73418,0.037975
0.73418,0.050633
0.73418,0.063291
0.73418,0.075949
0.73418,0.088608
0.73418,0.10127
0.73418,0.11392
0.73418,0.12658
0.73418,0.13924
0.73418,0.1519
0.73418,0.16456
0.73418,0.17722
0.73418,0.18987
0.73418,0.20253
0.73418,0.21519
0.73418,0.22785
0.73418,0.24051
0.73418,0.25316
0.73418,0.26582
0.73418,0.27848
0.73418,0.29114
0.73418,0.3038
0.73418,0.31646
0.73418,0.32911
0.73418,0.34177
0.73418,0.35443
0.73418,0.36709
0.73418,0.37975
0.73418,0.39241
0.73418,0.40506
0.73418,0.41772
0.73418,0.43038
0.73418,0.44304
0.73418,0.4557
0.73418,0.46835
0.73418,0.48101
0.73418,0.49367
0.73418,0.50633
0.73418,0.51899
0.73418,0.53165
0.73418,0.5443
0.73418,0.55696
0.73418,0.56962
0.73418,0.58228
0.73418,0.59494
0.73418,0.60759
0.73418,0.62025
0.73418,0.63291
0.73418,0.64557
0.73418,0.65823
0.73418,0.67089
0.73418,0.68354
0.73418,0.6962
0.73418,0.70886
0.73418,0.72152
0.73418,0.73418
0.73418,0.74684
0.73418,0.75949
0.73418,0.77215
0.73418,0.78481
0.73418,0.79747
0.73418,0.81013
0.73418,0.82278
0.73418,0.83544
0.73418,0.8481
0.73418,0.86076
0.73418,0.87342
0.73418,0.88608
0.73418,0.89873
0.73418,0.91139
0.73418,0.92405
0.73418,0.93671
0.73418,0.94937
0.73418,0.96203
0.73418,0.97468
0.73418,0.98734
0.74684,0.012658
0.74684,0.025316
0.74684,0.037975
0.74684,0.050633
0.74684,0.063291
0.74684,0.075949
0.74684,0.088608
0.74684,0.10127
0.74684,0.11392
0.74684,0.12658
0.74684,0.13924
0.74684,0.1519
0.74684,0.16456
0.74684,0.17722
0.74684,0.18987
0.74684,0.20253
0.74684,0.21519
0.74684,0.22785
0.74684,0.24051
0.74684,0.25316
0.74684,0.26582
0.74684,0.27848
0.74684,0.29114
0.74684,0.3038
0.74684,0.31646
0.74684,0.32911
0.74684,0.34177
0.74684,0.35443
0.74684,0.36709
0.74684,0.37975
0.74684,0.39241
0.74684,0.40506
0.74684,0.41772
0.74684,0.43038
0.74684,0.44304
0.74684,0.4557
0.74684,0.46835
0.74684,0.48101
0.74684,0.49367
0.74684,0.50633
0.74684,0.51899
0.74684,0.53165
0.74684,0.5443
0.74684,0.55696
0.74684,0.56962
0.74684,0.58228
0.74684,0.59494
0.74684,0.60759
0.74684,0.62025
0.74684,0.63291
0.74684,0.64557
0.74684,0.65823
0.74684,0.67089
0.74684,0.68354
0.74684,0.6962
0.74684,0.70886
0.74684,0.72152
0.74684,0.73418
0.74684,0.74684
0.74684,0.75949
0.74684,0.77215
0.74684,0.78481
0.74684,0.79747
0.74684,0.81013
0.74684,0.82278
0.74684,0.83544
0.74684,0.8481
0.74684,0.86076
0.74684,0.87342
0.74684,0.88608
0.74684,0.89873
0.74684,0.91139
0.74684,0.92405
0.74684,0.93671
0.74684,0.94937
0.74684,0.96203
0.74684,0.97468
0.74684,0.98734
0.75949,0.012658
0.75949,0.025316
0.75949,0.037975
0.75949,0.050633
0.75949,0.063291
0.75949,0.075949
0.75949,0.088608
0.75949,0.10127
0.75949,0.11392
0.75949,0.12658
0.75949,0.13924
0.75949,0.1519
0.75949,0.16456
0.75949,0.17722
0.75949,0.18987
0.75949,0.20253
0.75949,0.21519
0.75949,0.22785
0.75949,0.24051
0.75949,0.25316
0.75949,0.26582
0.75949,0.27848
0.75949,0.29114
0.75949,0.3038
0.75949,0.31646
0.75949,0.32911
0.75949,0.34177
0.75949,0.35443
0.75949,0.36709
0.75949,0.37975
0.75949,0.39241
0.75949,0.40506
0.75949,0.41772
0.75949,0.43038
0.75949,0.44304
0.75949,0.4557
0.75949,0.46835
0.75949,0.48101
0.75949,0.49367
0.75949,0.50633
0.75949,0.51899
0.75949,0.53165
0.75949,0.5443
0.75949,0.55696
0.75949,0.56962
0.75949,0.58228
0.75949,0.59494
0.75949,0.60759
0.75949,0.62025
0.75949,0.63291
0.75949,0.64557
0.75949,0.65823
0.75949,0.67089
0.75949,0.68354
0.75949,0.6962
0.75949,0.70886
0.75949,0.72152
0.75949,0.73418
0.75949,0.74684
0.75949,0.75949
0.75949,0.77215
0.75949,0.78481
0.75949,0.79747
0.75949,0.81013
0.75949,0.82278
0.75949,0.83544
0.75949,0.8481
0.75949,0.86076
0.75949,0.87342
0.75949,0.88608
0.75949,0.89873
0.75949,0.91139
0.75949,0.92405
0.75949,0.93671
0.75949,0.94937
0.75949,0.96203
0.75949,0.97468
0.75949,0.98734
0.77215,0.012658
0.77215,0.025316
0.77215,0.037975
0.77215,0.050633
0.77215,0.063291
0.77215,0.075949
0.77215,0.088608
0.77215,0.10127
0.77215,0.11392
0.77215,0.12658
0.77215,0.13924
0.77215,0.1519
0.77215,0.16456
0.77215,0.17722
0.77215,0.18987
0.77215,0.20253
0.77215,0.21519
0.77215,0.22785
0.77215,0.24051
0.77215,0.25316
0.77215,0.26582
0.77215,0.27848
0.77215,0.29114
0.77215,0.3038
0.77215,0.31646
0.77215,0.32911
0.77215,0.34177
0.77215,0.35443
0.77215,0.36709
0.77215,0.37975
0.77215,0.39241
0.77215,0.40506
0.77215,0.41772
0.77215,0.43038
0.77215,0.44304
0.77215,0.4557
0.77215,0.46835
0.77215,0.48101
0.77215,0.49367
0.77215,0.50633
0.77215,0.51899
0.77215,0.53165
0.77215,0.5443
0.77215,0.55696
0.77215,0.56962
0.77215,0.58228
0.77215,0.59494
0.77215,0.60759
0.77215,0.62025
0.77215,0.63291
0.77215,0.64557
0.77215,0.65823
0.77215,0.67089
0.77215,0.68354
0.77215,0.6962
0.77215,0.70886
0.77215,0.72152
0.77215,0.73418
0.77215,0.74684
0.77215,0.75949
0.77215,0.77215
0.77215,0.78481
0.77215,0.79747
0.77215,0.81013
0.77215,0.82278
0.77215,0.83544
0.77215,0.8481
0.77215,0.86076
0.77215,0.87342
0.77215,0.88608
0.77215,0.89873
0.77215,0.91139
0.77215,0.92405
0.77215,0.93671
0.77215,0.94937
0.77215,0.96203
0.77215,0.97468
0.77215,0.98734
0.78481,0.012658
0.78481,0.025316
0.78481,0.037975
0.78481,0.050633
0.78481,0.063291
0.78481,0.075949
0.78481,0.088608
0.78481,0.10127
0.78481,0.11392
0.78481,0.12658
0.78481,0.13924
0.78481,0.1519
0.78481,0.16456
0.78481,0.17722
0.78481,0.18987
0.78481,0.20253
0.78481,0.21519
0.78481,0.22785
0.78481,0.24051
0.78481,0.25316
0.78481,0.26582
0.78481,0.27848
0.78481,0.29114
0.78481,0.3038
0.78481,0.31646
0.78481,0.32911
0.78481,0.34177
0.78481,0.35443
0.78481,0.36709
0.78481,0.37975
0.78481,0.39241
0.78481,0.40506
0.78481,0.41772
0.78481,0.43038
0.78481,0.44304
0.78481,0.4557
0.78481,0.46835
0.78481,0.48101
0.78481,0.49367
0.78481,0.50633
0.78481,0.51899
0.78481,0.53165
0.78481,0.5443
0.78481,0.55696
0.78481,0.56962
0.78481,0.58228
0.78481,0.59494
0.78481,0.60759
0.78481,0.62025
0.78481,0.63291
0.78481,0.64557
0.78481,0.65823
0.78481,0.67089
0.78481,0.68354
0.78481,0.6962
0.78481,0.70886
0.78481,0.72152
0.78481,0.73418
0.78481,0.74684
0.78481,0.75949
0.78481,0.77215
0.78481,0.78481
0.78481,0.79747
0.78481,0.81013
0.78481,0.82278
0.78481,0.83544
0.78481,0.8481
0.78481,0.86076
0.78481,0.87342
0.78481,0.88608
0.78481,0.89873
0.78481,0.91139
0.78481,0.92405
0.78481,0.93671
0.78481,0.94937
0.78481,0.96203
0.78481,0.97468
0.78481,0.98734
0.79747,0.012658
0.79747,0.025316
0.79747,0.037975
0.79747,0.050633
0.79747,0.063291
0.79747,0.075949
0.79747,0.088608
0.79747,0.10127
0.79747,0.11392
0.79747,0.12658
0.79747,0.13924
0.79747,0.1519
0.79747,0.16456
0.79747,0.17722
0.79747,0.18987
0.79747,0.20253
0.79747,0.21519
0.79747,0.22785
0.79747,0.24051
0.79747,0.25316
0.79747,0.26582
0.79747,0.27848
0.79747,0.29114
0.79747,0.3038
0.79747,0.31646
0.79747,0.32911
0.79747,0.34177
0.79747,0.35443
0.79747,0.36709
0.79747,0.37975
0.79747,0.39241
0.79747,0.40506
0.79747,0.41772
0.79747,0.43038
0.79747,0.44304
0.79747,0.4557
0.79747,0.46835
0.79747,0.48101
0.79747,0.49367
0.79747,0.50633
0.79747,0.51899
0.79747,0.53165
0.79747,0.5443
0.79747,0.55696
0.79747,0.56962
0.79747,0.58228
0.79747,0.59494
0.79747,0.60759
0.79747,0.62025
0.79747,0.63291
0.79747,0.64557
0.79747,0.65823
0.79747,0.67089
0.79747,0.68354
0.79747,0.6962
0.79747,0.70886
0.79747,0.72152
0.79747,0.73418
0.79747,0.74684
0.79747,0.75949
0.79747,0.77215
0.79747,0.78481
0.79747,0.79747
0.79747,0.81013
0.79747,0.82278
0.79747,0.83544
0.79747,0.8481
0.79747,0.86076
0.79747,0.87342
0.79747,0.88608
0.79747,0.89873
0.79747,0.91139
0.79747,0.92405
0.79747,0.93671
0.79747,0.94937
0.79747,0.96203
0.79747,0.97468
0.79747,0.98734
0.81013,0.012658
0.81013,0.025316
0.81013,0.037975
0.81013,0.050633
0.81013,0.063291
0.81013,0.075949
0.81013,0.088608
0.81013,0.10127
0.81013,0.11392
0.81013,0.12658
0.81013,0.13924
0.81013,0.1519
0.81013,0.16456
0.81013,0.17722
0.81013,0.18987
0.81013,0.20253
0.81013,0.21519
0.81013,0.22785
0.81013,0.24051
0.81013,0.25316
0.81013,0.26582
0.81013,0.27848
0.81013,0.29114
0.81013,0.3038
0.81013,0.31646
0.81013,0.32911
0.81013,0.34177
0.81013,0.35443
0.81013,0.36709
0.81013,0.37975
0.81013,0.39241
0.81013,0.40506
0.81013,0.41772
0.81013,0.43038
0.81013,0.44304
0.81013,0.4557
0.81013,0.46835
0.81013,0.48101
0.81013,0.49367
0.81013,0.50633
0.81013,0.51899
0.81013,0.53165
0.81013,0.5443
0.81013,0.55696
0.81013,0.56962
0.81013,0.58228
0.81013,0.59494
0.81013,0.60759
0.81013,0.62025
0.81013,0.63291
0.81013,0.64557
0.81013,0.65823
0.81013,0.67089
0.81013,0.68354
0.81013,0.6962
0.81013,0.70886
0.81013,0.72152
0.81013,0.73418
0.81013,0.74684
0.81013,0.75949
0.81013,0.77215
0.81013,0.78481
0.81013,0.79747
0.81013,0.81013
0.81013,0.82278
0.81013,0.83544
0.81013,0.8481
0.81013,0.86076
0.81013,0.87342
0.81013,0.88608
0.81013,0.89873
0.81013,0.91139
0.81013,0.92405
0.81013,0.93671
0.81013,0.94937
0.81013,0.96203
0.81013,0.97468
0.81013,0.98734
0.82278,0.012658
0.82278,0.025316
0.82278,0.037975
0.82278,0.050633
0.82278,0.063291
0.82278,0.075949
0.82278,0.088608
0.82278,0.10127
0.82278,0.11392
0.82278,0.12658
0.82278,0.13924
0.82278,0.1519
0.82278,0.16456
0.82278,0.17722
0.82278,0.18987
0.82278,0.20253
0.82278,0.21519
0.82278,0.22785
0.82278,0.24051
0.82278,0.25316
0.82278,0.26582
0.82278,0.27848
0.82278,0.29114
0.82278,0.3038
0.82278,0.31646
0.82278,0.32911
0.82278,0.34177
0.82278,0.35443
0.82278,0.36709
0.82278,0.37975
0.82278,0.39241
0.82278,0.40506
0.82278,0.41772
0.82278,0.43038
0.82278,0.44304
0.82278,0.4557
0.82278,0.46835
0.82278,0.48101
0.82278,0.49367
0.82278,0.50633
0.82278,0.51899
0.82278,0.53165
0.82278,0.5443
0.82278,0.55696
0.82278,0.56962
0.82278,0.58228
0.82278,0.59494
0.82278,0.60759
0.82278,0.62025
0.82278,0.63291
0.82278,0.64557
0.82278,0.65823
0.82278,0.67089
0.82278,0.68354
0.82278,0.6962
0.82278,0.70886
0.82278,0.72152
0.82278,0.73418
0.82278,0.74684
0.82278,0.75949
0.82278,0.77215
0.82278,0.78481
0.82278,0.79747
0.82278,0.81013
0.82278,0.82278
0.82278,0.83544
0.82278,0.8481
0.82278,0.86076
0.82278,0.87342
0.82278,0.88608
0.82278,0.89873
0.82278,0.91139
0.82278,0.92405
0.82278,0.93671
0.82278,0.94937
0.82278,0.96203
0.82278,0.97468
0.82278,0.98734
0.83544,0.012658
0.83544,0.025316
0.83544,0.037975
0.83544,0.050633
0.83544,0.063291
0.83544,0.075949
0.83544,0.088608
0.83544,0.10127
0.83544,0.11392
0.83544,0.12658
0.83544,0.13924
0.83544,0.1519
0.83544,0.16456
0.83544,0.17722
0.83544,0.18987
0.83544,0.20253
0.83544,0.21519
0.83544,0.22785
0.83544,0.24051
0.83544,0.25316
0.83544,0.26582
0.83544,0.27848
0.83544,0.29114
0.83544,0.3038
0.83544,0.31646
0.83544,0.32911
0.83544,0.34177
0.83544,0.35443
0.83544,0.36709
0.83544,0.37975
0.83544,0.39241
0.83544,0.40506
0.83544,0.41772
0.83544,0.43038
0.83544,0.44304
0.83544,0.4557
0.83544,0.46835
0.83544,0.48101
0.83544,0.49367
0.83544,0.50633
0.83544,0.51899
0.83544,0.53165
0.83544,0.5443
0.83544,0.55696
0.83544,0.56962
0.83544,0.58228
0.83544,0.59494
0.83544,0.60759
0.83544,0.62025
0.83544,0.63291
0.83544,0.64557
0.83544,0.65823
0.83544,0.67089
0.83544,0.68354
0.83544,0.6962
0.83544,0.70886
0.83544,0.72152
0.83544,0.73418
0.83544,0.74684
0.83544,0.75949
0.83544,0.77215
0.83544,0.78481
0.83544,0.79747
0.83544,0.81013
0.83544,0.82278
0.83544,0.83544
0.83544,0.8481
0.83544,0.86076
0.83544,0.87342
0.83544,0.88608
0.83544,0.89873
0.83544,0.91139
0.83544,0.92405
0.83544,0.93671
0.83544,0.94937
0.83544,0.96203
0.83544,0.97468
0.83544,0.98734
0.8481,0.012658
0.8481,0.025316
0.8481,0.037975
0.8481,0.050633
0.8481,0.063291
0.8481,0.075949
0.8481,0.088608
0.8481,0.10127
0.8481,0.11392
0.8481,0.12658
0.8481,0.13924
0.8481,0.1519
0.8481,0.16456
0.8481,0.17722
0.8481,0.18987
0.8481,0.20253
0.8481,0.21519
0.8481,0.22785
0.8481,0.24051
0.8481,0.25316
0.8481,0.26582
0.8481,0.27848
0.8481,0.29114
0.8481,0.3038
0.8481,0.31646
0.8481,0.32911
0.8481,0.34177
0.8481,0.35443
0.8481,0.36709
0.8481,0.37975
0.8481,0.39241
0.8481,0.40506
0.8481,0.41772
0.8481,0.43038
0.8481,0.44304
0.8481,0.4557
0.8481,0.46835
0.8481,0.48101
0.8481,0.49367
0.8481,0.50633
0.8481,0.51899
0.8481,0.53165
0.8481,0.5443
0.8481,0.55696
0.8481,0.56962
0.8481,0.58228
0.8481,0.59494
0.8481,0.60759
0.8481,0.62025
0.8481,0.63291
0.8481,0.64557
0.8481,0.65823
0.8481,0.67089
0.8481,0.68354
0.8481,0.6962
0.8481,0.70886
0.8481,0.72152
0.8481,0.73418
0.8481,0.74684
0.8481,0.75949
0.8481,0.77215
0.8481,0.78481
0.8481,0.79747
0.8481,0.81013
0.8481,0.82278
0.8481,0.83544
0.8481,0.8481
0.8481,0.86076
0.8481,0.87342
0.8481,0.88608
0.8481,0.89873
0.8481,0.91139
0.8481,0.92405
0.8481,0.93671
0.8481,0.94937
0.8481,0.96203
0.8481,0.97468
0.8481,0.98734
0.86076,0.012658
0.86076,0.025316
0.86076,0.037975
0.86076,0.050633
0.86076,0.063291
0.86076,0.075949
0.86076,0.088608
0.86076,0.10127
0.86076,0.11392
0.86076,0.12658
0.86076,0.13924
0.86076,0.1519
0.86076,0.16456
0.86076,0.17722
0.86076,0.18987
0.86076,0.20253
0.86076,0.21519
0.86076,0.22785
0.86076,0.24051
0.86076,0.25316
0.86076,0.26582
0.86076,0.27848
0.86076,0.29114
0.86076,0.3038
0.86076,0.31646
0.86076,0.32911
0.86076,0.34177
0.86076,0.35443
0.86076,0.36709
0.86076,0.37975
0.86076,0.39241
0.86076,0.40506
0.86076,0.41772
0.86076,0.43038
0.86076,0.44304
0.86076,0.4557
0.86076,0.46835
0.86076,0.48101
0.86076,0.49367
0.86076,0.50633
0.86076,0.51899
0.86076,0.53165
0.86076,0.5443
0.86076,0.55696
0.86076,0.56962
0.86076,0.58228
0.86076,0.59494
0.86076,0.60759
0.86076,0.62025
0.86076,0.63291
0.86076,0.64557
0.86076,0.65823
0.86076,0.67089
0.86076,0.68354
0.86076,0.6962
0.86076,0.70886
0.86076,0.72152
0.86076,0.73418
0.86076,0.74684
0.86076,0.75949
0.86076,0.77215
0.86076,0.78481
0.86076,0.79747
0.86076,0.81013
0.86076,0.82278
0.86076,0.83544
0.86076,0.8481
0.86076,0.86076
0.86076,0.87342
0.86076,0.88608
0.86076,0.89873
0.86076,0.91139
0.86076,0.92405
0.86076,0.93671
0.86076,0.94937
0.86076,0.96203
0.86076,0.97468
0.86076,0.98734
0.87342,0.012658
0.87342,0.025316
0.87342,0.037975
0.87342,0.050633
0.87342,0.063291
0.87342,0.075949
0.87342,0.088608
0.87342,0.10127
0.87342,0.11392
0.87342,0.12658
0.87342,0.13924
0.87342,0.1519
0.87342,0.16456
0.87342,0.17722
0.87342,0.18987
0.87342,0.20253
0.87342,0.21519
0.87342,0.22785
0.87342,0.24051
0.87342,0.25316
0.87342,0.26582
0.87342,0.27848
0.87342,0.29114
0.87342,0.3038
0.87342,0.31646
0.87342,0.32911
0.87342,0.34177
0.87342,0.35443
0.87342,0.36709
0.87342,0.37975
0.87342,0.39241
0.87342,0.40506
0.87342,0.41772
0.87342,0.43038
0.87342,0.44304
0.87342,0.4557
0.87342,0.46835
0.87342,0.48101
0.87342,0.49367
0.87342,0.50633
0.87342,0.51899
0.87342,0.53165
0.87342,0.5443
0.87342,0.55696
0.87342,0.56962
0.87342,0.58228
0.87342,0.59494
0.87342,0.60759
0.87342,0.62025
0.87342,0.63291
0.87342,0.64557
0.87342,0.65823
0.87342,0.67089
0.87342,0.68354
0.87342,0.6962
0.87342,0.70886
0.87342,0.72152
0.87342,0.73418
0.87342,0.74684
0.87342,0.75949
0.87342,0.77215
0.87342,0.78481
0.87342,0.79747
0.87342,0.81013
0.87342,0.82278
0.87342,0.83544
0.87342,0.8481
0.87342,0.86076
0.87342,0.87342
0.87342,0.88608
0.87342,0.89873
0.87342,0.91139
0.87342,0.92405
0.87342,0.93671
0.87342,0.94937
0.87342,0.96203
0.87342,0.97468
0.87342,0.98734
0.88608,0.012658
0.88608,0.025316
0.88608,0.037975
0.88608,0.050633
0.88608,0.063291
0.88608,0.075949
0.88608,0.088608
0.88608,0.10127
0.88608,0.11392
0.88608,0.12658
0.88608,0.13924
0.88608,0.1519
0.88608,0.16456
0.88608,0.17722
0.88608,0.18987
0.88608,0.20253
0.88608,0.21519
0.88608,0.22785
0.88608,0.24051
0.88608,0.25316
0.88608,0.26582
0.88608,0.27848
0.88608,0.29114
0.88608,0.3038
0.88608,0.31646
0.88608,0.32911
0.88608,0.34177
0.88608,0.35443
0.88608,0.36709
0.88608,0.37975
0.88608,0.39241
0.88608,0.40506
0.88608,0.41772
0.88608,0.43038
0.88608,0.44304
0.88608,0.4557
0.88608,0.46835
0.88608,0.48101
0.88608,0.49367
0.88608,0.50633
0.88608,0.51899
0.88608,0.53165
0.88608,0.5443
0.88608,0.55696
0.88608,0.56962
0.88608,0.58228
0.88608,0.59494
0.88608,0.60759
0.88608,0.62025
0.88608,0.63291
0.88608,0.64557
0.88608,0.65823
0.88608,0.67089
0.88608,0.68354
0.88608,0.6962
0.88608,0.70886
0.88608,0.72152
0.88608,0.73418
0.88608,0.74684
0.88608,0.75949
0.88608,0.77215
0.88608,0.78481
0.88608,0.79747
0.88608,0.81013
0.88608,0.82278
0.88608,0.83544
0.88608,0.8481
0.88608,0.86076
0.88608,0.87342
0.88608,0.88608
0.88608,0.89873
0.88608,0.91139
0.88608,0.92405
0.88608,0.93671
0.88608,0.94937
0.88608,0.96203
0.88608,0.97468
0.88608,0.98734
0.89873,0.012658
0.89873,0.025316
0.89873,0.037975
0.89873,0.050633
0.89873,0.063291
0.89873,0.075949
0.89873,0.088608
0.89873,0.10127
0.89873,0.11392
0.89873,0.12658
0.89873,0.13924
0.89873,0.1519
0.89873,0.16456
0.89873,0.17722
0.89873,0.18987
0.89873,0.20253
0.89873,0.21519
0.89873,0.22785
0.89873,0.24051
0.89873,0.25316
0.89873,0.26582
0.89873,0.27848
0.89873,0.29114
0.89873,0.3038
0.89873,0.31646
0.89873,0.32911
0.89873,0.34177
0.89873,0.35443
0.89873,0.36709
0.89873,0.37975
0.89873,0.39241
0.89873,0.40506
0.89873,0.41772
0.89873,0.43038
0.89873,0.44304
0.89873,0.4557
0.89873,0.46835
0.89873,0.48101
0.89873,0.49367
0.89873,0.50633
0.89873,0.51899
0.89873,0.53165
0.89873,0.5443
0.89873,0.55696
0.89873,0.56962
0.89873,0.58228
0.89873,0.59494
0.89873,0.60759
0.89873,0.62025
0.89873,0.63291
0.89873,0.64557
0.89873,0.65823
0.89873,0.67089
0.89873,0.68354
0.89873,0.6962
0.89873,0.70886
0.89873,0.72152
0.89873,0.73418
0.89873,0.74684
0.89873,0.75949
0.89873,0.77215
0.89873,0.78481
0.89873,0.79747
0.89873,0.81013
0.89873,0.82278
0.89873,0.83544
0.89873,0.8481
0.89873,0.86076
0.89873,0.87342
0.89873,0.88608
0.89873,0.89873
0.89873,0.91139
0.89873,0.92405
0.89873,0.93671
0.89873,0.94937
0.89873,0.96203
0.89873,0.97468
0.89873,0.98734
0.91139,0.012658
0.91139,0.025316
0.91139,0.037975
0.91139,0.050633
0.91139,0.063291
0.91139,0.075949
0.91139,0.088608
0.91139,0.10127
0.91139,0.11392
0.91139,0.12658
0.91139,0.13924
0.91139,0.1519
0.91139,0.16456
0.91139,0.17722
0.91139,0.18987
0.91139,0.20253
0.91139,0.21519
0.91139,0.22785
0.91139,0.24051
0.91139,0.25316
0.91139,0.26582
0.91139,0.27848
0.91139,0.29114
0.91139,0.3038
0.91139,0.31646
0.91139,0.32911
0.91139,0.34177
0.91139,0.35443
0.91139,0.36709
0.91139,0.37975
0.91139,0.39241
0.91139,0.40506
0.91139,0.41772
0.91139,0.43038
0.91139,0.44304
0.91139,0.4557
0.91139,0.46835
0.91139,0.48101
0.91139,0.49367
0.91139,0.50633
0.91139,0.51899
0.91139,0.53165
0.91139,0.5443
0.91139,0.55696
0.91139,0.56962
0.91139,0.58228
0.91139,0.59494
0.91139,0.60759
0.91139,0.62025
0.91139,0.63291
0.91139,0.64557
0.91139,0.65823
0.91139,0.67089
0.91139,0.68354
0.91139,0.6962
0.91139,0.70886
0.91139,0.72152
0.91139,0.73418
0.91139,0.74684
0.91139,0.75949
0.91139,0.77215
0.91139,0.78481
0.91139,0.79747
0.91139,0.81013
0.91139,0.82278
0.91139,0.83544
0.91139,0.8481
0.91139,0.86076
0.91139,0.87342
0.91139,0.88608
0.91139,0.89873
0.91139,0.91139
0.91139,0.92405
0.91139,0.93671
0.91139,0.94937
0.91139,0.96203
0.91139,0.97468
0.91139,0.98734
0.92405,0.012658
0.92405,0.025316
0.92405,0.037975
0.92405,0.050633
0.92405,0.063291
0.92405,0.075949
0.92405,0.088608
0.92405,0.10127
0.92405,0.11392
0.92405,0.12658
0.92405,0.13924
0.92405,0.1519
0.92405,0.16456
0.92405,0.17722
0.92405,0.18987
0.92405,0.20253
0.92405,0.21519
0.92405,0.22785
0.92405,0.24051
0.92405,0.25316
0.92405,0.26582
0.92405,0.27848
0.92405,0.29114
0.92405,0.3038
0.92405,0.31646
0.92405,0.32911
0.92405,0.34177
0.92405,0.35443
0.92405,0.36709
0.92405,0.37975
0.92405,0.39241
0.92405,0.40506
0.92405,0.41772
0.92405,0.43038
0.92405,0.44304
0.92405,0.4557
0.92405,0.46835
0.92405,0.48101
0.92405,0.49367
0.92405,0.50633
0.92405,0.51899
0.92405,0.53165
0.92405,0.5443
0.92405,0.55696
0.92405,0.56962
0.92405,0.58228
0.92405,0.59494
0.92405,0.60759
0.92405,0.62025
0.92405,0.63291
0.92405,0.64557
0.92405,0.65823
0.92405,0.67089
0.92405,0.68354
0.92405,0.6962
0.92405,0.70886
0.92405,0.72152
0.92405,0.73418
0.92405,0.74684
0.92405,0.75949
0.92405,0.77215
0.92405,0.78481
0.92405,0.79747
0.92405,0.81013
0.92405,0.82278
0.92405,0.83544
0.92405,0.8481
0.92405,0.86076
0.92405,0.87342
0.92405,0.88608
0.92405,0.89873
0.92405,0.91139
0.92405,0.92405
0.92405,0.93671
0.92405,0.94937
0.92405,0.96203
0.92405,0.97468
0.92405,0.98734
0.93671,0.012658
0.93671,0.025316
0.93671,0.037975
0.93671,0.050633
0.93671,0.063291
0.93671,0.075949
0.93671,0.088608
0.93671,0.10127
0.93671,0.11392
0.93671,0.12658
0.93671,0.13924
0.93671,0.1519
0.93671,0.16456
0.93671,0.17722
0.93671,0.18987
0.93671,0.20253
0.93671,0.21519
0.93671,0.22785
0.93671,0.24051
0.93671,0.25316
0.93671,0.26582
0.93671,0.27848
0.93671,0.29114
0.93671,0.3038
0.93671,0.31646
0.93671,0.32911
0.93671,0.34177
0.93671,0.35443
0.93671,0.36709
0.93671,0.37975
0.93671,0.39241
0.93671,0.40506
0.93671,0.41772
0.93671,0.43038
0.93671,0.44304
0.93671,0.4557
0.93671,0.46835
0.93671,0.48101
0.93671,0.49367
0.93671,0.50633
0.93671,0.51899
0.93671,0.53165
0.93671,0.5443
0.93671,0.55696
0.93671,0.56962
0.93671,0.58228
0.93671,0.59494
0.93671,0.60759
0.93671,0.62025
0.93671,0.63291
0.93671,0.64557
0.93671,0.65823
0.93671,0.67089
0.93671,0.68354
0.93671,0.6962
0.93671,0.70886
0.93671,0.72152
0.93671,0.73418
0.93671,0.74684
0.93671,0.75949
0.93671,0.77215
0.93671,0.78481
0.93671,0.79747
0.93671,0.81013
0.93671,0.82278
0.93671,0.83544
0.93671,0.8481
0.93671,0.86076
0.93671,0.87342
0.93671,0.88608
0.93671,0.89873
0.93671,0.91139
0.93671,0.92405
0.93671,0.93671
0.93671,0.94937
0.93671,0.96203
0.93671,0.97468
0.93671,0.98734
0.94937,0.012658
0.94937,0.025316
0.94937,0.037975
0.94937,0.050633
0.94937,0.063291
0.94937,0.075949
0.94937,0.088608
0.94937,0.10127
0.94937,0.11392
0.94937,0.12658
0.94937,0.13924
0.94937,0.1519
0.94937,0.16456
0.94937,0.17722
0.94937,0.18987
0.94937,0.20253
0.94937,0.21519
0.94937,0.22785
0.94937,0.24051
0.94937,0.25316
0.94937,0.26582
0.94937,0.27848
0.94937,0.29114
0.94937,0.3038
0.94937,0.31646
0.94937,0.32911
0.94937,0.34177
0.94937,0.35443
0.94937,0.36709
0.94937,0.37975
0.94937,0.39241
0.94937,0.40506
0.94937,0.41772
0.94937,0.43038
0.94937,0.44304
0.94937,0.4557
0.94937,0.46835
0.94937,0.48101
0.94937,0.49367
0.94937,0.50633
0.94937,0.51899
0.94937,0.53165
0.94937,0.5443
0.94937,0.55696
0.94937,0.56962
0.94937,0.58228
0.94937,0.59494
0.94937,0.60759
0.94937,0.62025
0.94937,0.63291
0.94937,0.64557
0.94937,0.65823
0.94937,0.67089
0.94937,0.68354
0.94937,0.6962
0.94937,0.70886
0.94937,0.72152
0.94937,0.73418
0.94937,0.74684
0.94937,0.75949
0.94937,0.77215
0.94937,0.78481
0.94937,0.79747
0.94937,0.81013
0.94937,0.82278
0.94937,0.83544
0.94937,0.8481
0.94937,0.86076
0.94937,0.87342
0.94937,0.88608
0.94937,0.89873
0.94937,0.91139
0.94937,0.92405
0.94937,0.93671
0.94937,0.94937
0.94937,0.96203
0.94937,0.97468
0.94937,0.98734
0.96203,0.012658
0.96203,0.025316
0.96203,0.037975
0.96203,0.050633
0.96203,0.063291
0.96203,0.075949
0.96203,0.088608
0.96203,0.10127
0.96203,0.11392
0.96203,0.12658
0.96203,0.13924
0.96203,0.1519
0.96203,0.16456
0.96203,0.17722
0.96203,0.18987
0.96203,0.20253
0.96203,0.21519
0.96203,0.22785
0.96203,0.24051
0.96203,0.25316
0.96203,0.26582
0.96203,0.27848
0.96203,0.29114
0.96203,0.3038
0.96203,0.31646
0.96203,0.32911
0.96203,0.34177
0.96203,0.35443
0.96203,0.36709
0.96203,0.37975
0.96203,0.39241
0.96203,0.40506
0.96203,0.41772
0.96203,0.43038
0.96203,0.44304
0.96203,0.4557
0.96203,0.46835
0.96203,0.48101
0.96203,0.49367
0.96203,0.50633
0.96203,0.51899
0.96203,0.53165
0.96203,0.5443
0.96203,0.55696
0.96203,0.56962
0.96203,0.58228
0.96203,0.59494
0.96203,0.60759
0.96203,0.62025
0.96203,0.63291
0.96203,0.64557
0.96203,0.65823
0.96203,0.67089
0.96203,0.68354
0.96203,0.6962
0.96203,0.70886
0.96203,0.72152
0.96203,0.73418
0.96203,0.74684
0.96203,0.75949
0.96203,0.77215
0.96203,0.78481
0.96203,0.79747
0.96203,0.81013
0.96203,0.82278
0.96203,0.83544
0.96203,0.8481
0.96203,0.86076
0.96203,0.87342
0.96203,0.88608
0.96203,0.89873
0.96203,0.91139
0.96203,0.92405
0.96203,0.93671
0.96203,0.94937
0.96203,0.96203
0.96203,0.97468
0.96203,0.98734
0.97468,0.012658
0.97468,0.025316
0.97468,0.037975
0.97468,0.050633
0.97468,0.063291
0.97468,0.075949
0.97468,0.088608
0.97468,0.10127
0.97468,0.11392
0.97468,0.12658
0.97468,0.13924
0.97468,0.1519
0.97468,0.16456
0.97468,0.17722
0.97468,0.18987
0.97468,0.20253
0.97468,0.21519
0.97468,0.22785
0.97468,0.24051
0.97468,0.25316
0.97468,0.26582
0.97468,0.27848
0.97468,0.29114
0.97468,0.3038
0.97468,0.31646
0.97468,0.32911
0.97468,0.34177
0.97468,0.35443
0.97468,0.36709
0.97468,0.37975
0.97468,0.39241
0.97468,0.40506
0.97468,0.41772
0.97468,0.43038
0.97468,0.44304
0.97468,0.4557
0.97468,0.46835
0.97468,0.48101
0.97468,0.49367
0.97468,0.50633
0.97468,0.51899
0.97468,0.53165
0.97468,0.5443
0.97468,0.55696
0.97468,0.56962
0.97468,0.58228
0.97468,0.59494
0.97468,0.60759
0.97468,0.62025
0.97468,0.63291
0.97468,0.64557
0.97468,0.65823
0.97468,0.67089
0.97468,0.68354
0.97468,0.6962
0.97468,0.70886
0.97468,0.72152
0.97468,0.73418
0.97468,0.74684
0.97468,0.75949
0.97468,0.77215
0.97468,0.78481
0.97468,0.79747
0.97468,0.81013
0.97468,0.82278
0.97468,0.83544
0.97468,0.8481
0.97468,0.86076
0.97468,0.87342
0.97468,0.88608
0.97468,0.89873
0.97468,0.91139
0.97468,0.92405
0.97468,0.93671
0.97468,0.94937
0.97468,0.96203
0.97468,0.97468
0.97468,0.98734
0.98734,0.012658
0.98734,0.025316
0.98734,0.037975
0.98734,0.050633
0.98734,0.063291
0.98734,0.075949
0.98734,0.088608
0.98734,0.10127
0.98734,0.11392
0.98734,0.12658
0.98734,0.13924
0.98734,0.1519
0.98734,0.16456
0.98734,0.17722
0.98734,0.18987
0.98734,0.20253
0.98734,0.21519
0.98734,0.22785
0.98734,0.24051
0.98734,0.25316
0.98734,0.26582
0.98734,0.27848
0.98734,0.29114
0.98734,0.3038
0.98734,0.31646
0.98734,0.32911
0.98734,0.34177
0.98734,0.35443
0.98734,0.36709
0.98734,0.37975
0.98734,0.39241
0.98734,0.40506
0.98734,0.41772
0.98734,0.43038
0.98734,0.44304
0.98734,0.4557
0.98734,0.46835
0.98734,0.48101
0.98734,0.49367
0.98734,0.50633
0.98734,0.51899
0.98734,0.53165
0.98734,0.5443
0.98734,0.55696
0.98734,0.56962
0.98734,0.58228
0.98734,0.59494
0.98734,0.60759
0.98734,0.62025
0.98734,0.63291
0.98734,0.64557
0.98734,0.65823
0.98734,0.67089
0.98734,0.68354
0.98734,0.6962
0.98734,0.70886
0.98734,0.72152
0.98734,0.73418
0.98734,0.74684
0.98734,0.75949
0.98734,0.77215
0.98734,0.78481
0.98734,0.79747
0.98734,0.81013
0.98734,0.82278
0.98734,0.83544
0.98734,0.8481
0.98734,0.86076
0.98734,0.87342
0.98734,0.88608
0.98734,0.89873
0.98734,0.91139
0.98734,0.92405
0.98734,0.93671
0.98734,0.94937
0.98734,0.96203
0.98734,0.97468
0.98734,0.98734
0.2625,0.2
0.26173,0.20978
0.25944,0.21931
0.25569,0.22837
0.25056,0.23674
0.24419,0.24419
0.23674,0.25056
0.22837,0.25569
0.21931,0.25944
0.20978,0.26173
0.2,0.2625
0.19022,0.26173
0.18069,0.25944
0.17163,0.25569
0.16326,0.25056
0.15581,0.24419
0.14944,0.23674
0.14431,0.22837
0.14056,0.21931
0.13827,0.20978
0.1375,0.2
0.13827,0.19022
0.14056,0.18069
0.14431,0.17163
0.14944,0.16326
0.15581,0.15581
0.16326,0.14944
0.17163,0.14431
0.18069,0.14056
0.19022,0.13827
0.2,0.1375
0.20978,0.13827
0.21931,0.14056
0.22837,0.14431
0.23674,0.14944
0.24419,0.15581
0.25056,0.16326
0.25569,0.17163
0.25944,0.18069
0.26173,0.19022
0.625,0.5
0.62461,0.50981
0.62346,0.51955
0.62155,0.52918
0.61888,0.53863
0.61548,0.54784
0.61138,0.55675
0.60658,0.56531
0.60113,0.57347
0.59505,0.58118
0.58839,0.58839
0.58118,0.59505
0.57347,0.60113
0.56531,0.60658
0.55675,0.61138
0.54784,0.61548
0.53863,0.61888
0.52918,0.62155
0.51955,0.62346
0.50981,0.62461
0.5,0.625
0.49019,0.62461
0.48045,0.62346
0.47082,0.62155
0.46137,0.61888
0.45216,0.61548
0.44325,0.61138
0.43469,0.60658
0.42653,0.60113
0.41882,0.59505
0.41161,0.58839
0.40495,0.58118
0.39887,0.57347
0.39342,0.56531
0.38862,0.55675
0.38452,0.54784
0.38112,0.53863
0.37845,0.52918
0.37654,0.51955
0.37539,0.50981
0.375,0.5
0.37539,0.49019
0.37654,0.48045
0.37845,0.47082
0.38112,0.46137
0.38452,0.45216
0.38862,0.44325
0.39342,0.43469
0.39887,0.42653
0.40495,0.41882
0.41161,0.41161
0.41882,0.40495
0.42653,0.39887
0.43469,0.39342
0.44325,0.38862
0.45216,0.38452
0.46137,0.38112
0.47082,0.37845
0.48045,0.37654
0.49019,0.37539
0.5,0.375
0.50981,0.37539
0.51955,0.37654
0.52918,0.37845
0.53863,0.38112
0.54784,0.38452
0.55675,0.38862
0.56531,0.39342
0.57347,0.39887
0.58118,0.40495
0.58839,0.41161
0.59505,0.41882
0.60113,0.42653
0.60658,0.43469
0.61138,0.44325
0.61548,0.45216
0.61888,0.46137
0.62155,0.47082
0.62346,0.48045
0.62461,0.49019
